episode_index,steps,mean_reward_drift,mean_reward_progress,mean_reward_intrusion,mean_reward_proximity,sum_reward_drift,sum_reward_progress,sum_reward_intrusion,sum_reward_proximity,total_intrusions,finished_at
1,41,-0.04652203353985188,-0.025076274313663185,-0.14634146341463414,-0.07597413635780574,-1.9074033751339272,-1.0281272468601905,-6.0,-3.1149395906700352,1,1761137103.8383286
2,27,-0.03031633325561402,0.003968303106039737,0.0,0.0,-0.8185409979015785,0.1071441838630729,0.0,0.0,0,1761137104.3595474
3,12,-0.02242007323014844,0.02351599603990646,0.0,0.0,-0.2690408787617813,0.2821919524788775,0.0,0.0,0,1761137104.567075
4,15,-0.04281645230049304,-0.01698115776954888,-0.4,-0.07518074228777832,-0.6422467845073956,-0.2547173665432332,-6.0,-1.1277111343166748,1,1761137105.2661843
5,15,-0.020086712118963075,0.02338878331461921,0.0,0.0,-0.30130068178444613,0.35083174971928816,0.0,0.0,0,1761137105.7856963
6,29,-0.017204691433070823,0.0277088725298867,0.0,0.0,-0.4989360515590539,0.8035573033667143,0.0,0.0,0,1761137107.0840151
7,26,-0.04168343505057755,-0.01715873377354168,-0.46153846153846156,-0.08929379512116077,-1.0837693113150162,-0.44612707811208374,-12.0,-2.32163867315018,2,1761137107.5035856
8,18,-0.03601390889943963,-0.005755301678022599,0.0,0.0,-0.6482503601899133,-0.10359543020440679,0.0,0.0,0,1761137108.0826344
9,8,-0.02738047526000563,0.011425255194888607,0.0,0.0,-0.21904380208004504,0.09140204155910886,0.0,0.0,0,1761137108.6140916
10,10,-0.01292140123875608,0.036151944202596,0.0,-0.44792885768285473,-0.1292140123875608,0.36151944202596,0.0,-4.479288576828547,0,1761137109.1746364
11,29,-0.031534818338779656,0.0009836376695708843,0.0,0.0,-0.91450973182461,0.028525492417555642,0.0,0.0,0,1761137136.593795
12,7,-0.021816343274169304,0.023288451143308107,0.0,0.0,-0.15271440291918512,0.16301915800315675,0.0,0.0,0,1761137136.7291365
13,20,-0.023205982591619528,0.01864628514760908,0.0,0.0,-0.46411965183239057,0.3729257029521816,0.0,0.0,0,1761137137.8296669
14,10,-0.026306571212781037,0.012922445314427888,0.0,0.0,-0.2630657121278104,0.12922445314427888,0.0,0.0,0,1761137138.0247917
15,14,-0.034910545085469764,-0.0046961314381291685,0.0,0.0,-0.48874763119657666,-0.06574584013380835,0.0,0.0,0,1761137138.474097
16,22,-0.021663207002225935,0.021810509921659234,0.0,-0.14434144434917437,-0.4765905540489706,0.47983121827650316,0.0,-3.175511775681836,0,1761137139.104727
17,18,-0.01867514808894148,0.026359218459468644,0.0,0.0,-0.33615266560094664,0.4744659322704356,0.0,0.0,0,1761137139.8117626
18,29,-0.03641539158426376,-0.007045172285137297,-0.20689655172413793,-0.13103150097913938,-1.056046355943649,-0.2043099962689816,-6.0,-3.7999135283950416,1,1761137140.4932482
19,12,-0.028318286168500777,0.007566675492893656,0.0,0.0,-0.3398194340220093,0.09080010591472387,0.0,0.0,0,1761137141.1813793
20,20,-0.0207536334409384,0.022640394305108603,0.0,0.0,-0.41507266881876803,0.45280788610217204,0.0,0.0,0,1761137141.9293222
21,24,-0.01822971221622686,0.02610837865534762,-0.25,-0.17205268694409162,-0.43751309318944465,0.6266010877283429,-6.0,-4.129264486658199,1,1761137142.4286172
22,12,-0.022958746269844607,0.020085103228393988,0.0,0.0,-0.2755049552381353,0.24102123874072784,0.0,0.0,0,1761137168.8521204
23,33,-0.03593156202099489,-0.006605001206113276,-0.18181818181818182,-0.03045126713520607,-1.1857415466928312,-0.2179650398017381,-6.0,-1.0048918154618003,1,1761137170.1116633
24,12,-0.01830786092533142,0.029131386288639333,0.0,-0.2490290437022419,-0.21969433110397704,0.349576635463672,0.0,-2.988348524426903,0,1761137170.6553879
25,6,-0.028230869495600396,0.013545182074454473,0.0,0.0,-0.16938521697360237,0.08127109244672684,0.0,0.0,0,1761137171.4293735
26,11,-0.012174942216308089,0.17172350960852958,0.0,0.0,-0.13392436437938898,1.8889586056938255,0.0,0.0,0,1761137171.8756864
27,29,-0.043513826991900574,-0.018443525394914312,-0.20689655172413793,-0.1076298638348545,-1.2619009827651166,-0.5348622364525151,-6.0,-3.1212660512107804,1,1761137172.5324304
28,18,-0.017250037446746375,0.02905263820476219,0.0,0.0,-0.3105006740414348,0.5229474876857194,0.0,0.0,0,1761137173.130267
29,24,-0.017263885400406895,0.029551346582776045,0.0,0.0,-0.4143332496097655,0.7092323179866251,0.0,0.0,0,1761137173.972628
30,14,-0.042920287006859285,-0.017001908031929153,0.0,-0.0242252349591153,-0.60088401809603,-0.23802671244700813,0.0,-0.3391532894276142,0,1761137202.0872746
31,16,-0.040111039538412684,-0.008223603508052235,-0.375,-0.1821923149126483,-0.6417766326146029,-0.13157765612883576,-6.0,-2.915077038602373,1,1761137202.7338395
32,18,-0.03305685850811577,0.00038362191975781993,-0.3333333333333333,-0.09095527458009485,-0.595023453146084,0.006905194555640759,-6.0,-1.6371949424417074,1,1761137203.2551408
33,16,-0.02428438291427239,0.016396856642985645,-0.375,-0.12894564688139815,-0.38855012662835825,0.2623497062877703,-6.0,-2.0631303501023703,1,1761137203.5741677
34,13,-0.02419794465472661,0.019272447634514026,0.0,0.0,-0.3145732805114459,0.25054181924868235,0.0,0.0,0,1761137204.7797575
35,8,-0.014911167511683974,0.2209452852170426,0.0,0.0,-0.1192893400934718,1.7675622817363408,0.0,0.0,0,1761137205.370359
36,13,-0.01180814581617867,0.15095512572013658,0.0,-0.17115789074214602,-0.1535058956103227,1.9624166343617757,0.0,-2.2250525796478984,0,1761137205.8526418
37,13,-0.03178337018615186,0.0008160991429399906,0.0,0.0,-0.41318381241997426,0.010609288858219879,0.0,0.0,0,1761137206.4891665
38,26,-0.015101988468192358,0.08740246876266748,0.0,0.0,-0.39265170017300133,2.2724641878293546,0.0,0.0,0,1761137207.2090747
39,15,-0.019038114033686184,0.02790379485950104,-0.4,-0.05030462027631126,-0.2855717105052928,0.41855692289251556,-6.0,-0.7545693041446689,1,1761137207.5538116
40,24,-0.017741055866950475,0.02793345677752399,-0.25,-0.39853778982883376,-0.4257853408068114,0.6704029626605758,-6.0,-9.56490695589201,1,1761137208.0867825
41,4,-0.02688078690213392,0.018961697048938825,0.0,0.0,-0.10752314760853568,0.0758467881957553,0.0,0.0,0,1761137236.861342
42,13,-0.018279566691711047,0.03012795855290111,0.0,0.0,-0.2376343669922436,0.39166346118771445,0.0,0.0,0,1761137237.637415
43,8,-0.014978432461178269,0.03636343658691569,0.0,-0.030878523538395083,-0.11982745968942615,0.2909074926953255,0.0,-0.24702818830716067,0,1761137237.927974
44,19,-0.037792618770830025,-0.005958792542626622,-0.3157894736842105,-0.06304679869099715,-0.7180597566457705,-0.1132170583099058,-6.0,-1.1978891751289458,1,1761137238.4912434
45,43,-0.021932125214276805,0.05132097420295144,-0.13953488372093023,-0.08535850297238277,-0.9430813842139026,2.206801890726912,-6.0,-3.670415627812459,1,1761137239.647827
46,37,-0.02477206725251428,0.011583272266421264,0.0,-0.000991093881539478,-0.9165664883430283,0.42858107385758676,0.0,-0.036670473616960686,0,1761137240.3315806
47,19,-0.010134161210556707,0.11828481973538055,-0.3157894736842105,-0.08459954859852079,-0.19254906300057742,2.2474115749722303,-6.0,-1.607391423371895,1,1761137240.6590948
48,32,-0.026064427307114134,0.012643993293476617,0.0,-0.05400721834290838,-0.8340616738276523,0.40460778539125175,0.0,-1.728230986973068,0,1761137241.344893
49,26,-0.017442011268614,0.027837084845191595,-0.23076923076923078,-0.1399635568593655,-0.453492292983964,0.7237642059749815,-6.0,-3.6390524783435034,1,1761137241.9143271
50,19,-0.027525164736696833,0.009465302619601856,-0.3157894736842105,-0.14965850032030312,-0.5229781299972398,0.17984074977243525,-6.0,-2.8435115060857594,1,1761137242.4199395
51,7,-0.028258922384223888,0.011605225264521632,0.0,0.0,-0.1978124566895672,0.08123657685165142,0.0,0.0,0,1761137242.8043165
52,10,-0.025576962676773063,0.018147483863606807,0.0,0.0,-0.25576962676773063,0.18147483863606806,0.0,0.0,0,1761137243.431306
53,15,-0.040483905870852384,-0.014720702759712408,0.0,0.0,-0.6072585880627858,-0.22081054139568612,0.0,0.0,0,1761137243.8396096
54,24,-0.016483610397487067,0.029253458969181342,0.0,-0.11112209039312711,-0.3956066495396896,0.7020830152603522,0.0,-2.6669301694350507,0,1761137272.1342967
55,6,-0.040080828069542614,-0.0099710203952695,0.0,0.0,-0.2404849684172557,-0.059826122371617,0.0,0.0,0,1761137272.7180765
56,17,-0.028305725229713512,0.00889970078154061,-1.0588235294117647,-0.02406352956076298,-0.48119732890512973,0.15129491328619038,-18.0,-0.40908000253297067,3,1761137273.3539605
57,16,-0.037391242981729564,-0.007648900316715928,0.0,-0.09451729403415987,-0.598259887707673,-0.12238240506745485,0.0,-1.512276704546558,0,1761137274.126354
58,6,-0.01769334128900525,0.03252838667665483,0.0,0.0,-0.10616004773403151,0.19517032005992896,0.0,0.0,0,1761137274.6354482
59,3,-0.007940505747453053,0.05040343120479212,0.0,0.0,-0.02382151724235916,0.15121029361437635,0.0,0.0,0,1761137275.2304227
60,22,-0.016647922777209702,0.03025311939476499,0.0,-0.04963270856549515,-0.36625430109861346,0.6655686266848297,0.0,-1.0919195884408932,0,1761137276.3196595
61,1,-0.0018706733406197917,0.06754698773189532,0.0,0.0,-0.0018706733406197917,0.06754698773189532,0.0,0.0,0,1761137276.3881392
62,12,-0.01492784045906261,0.15586922405122586,0.0,0.0,-0.17913408550875132,1.8704306886147104,0.0,0.0,0,1761137277.3232272
63,44,-0.029896153765206702,0.03958388936097903,0.0,0.0,-1.315430765669095,1.7416911318830772,0.0,0.0,0,1761137306.410544
64,33,-0.028829946508956483,0.0071851641660128545,0.0,0.0,-0.9513882347955639,0.2371104174784242,0.0,0.0,0,1761137306.9326828
65,12,-0.013637311074829314,0.16220619244753462,-1.5,-0.22994721689644046,-0.16364773289795176,1.9464743093704155,-18.0,-2.7593666027572854,4,1761137307.2078488
66,9,-0.04784705901015887,-0.023544035662855383,0.0,-0.3405663214701096,-0.4306235310914298,-0.21189632096569844,0.0,-3.0650968932309866,0,1761137307.7483675
67,30,-0.03187357775789549,-0.0010852638046152867,-0.2,-0.002752588723992042,-0.9562073327368648,-0.0325579141384586,-6.0,-0.08257766171976126,1,1761137308.4452636
68,34,-0.04040620808986074,-0.014227904751366142,-0.5294117647058824,-0.1926918212579036,-1.3738110750552652,-0.48374876154644886,-18.0,-6.551521922768722,3,1761137309.068647
69,16,-0.0076134857967745315,0.13596002045224348,0.0,0.0,-0.1218157727483925,2.1753603272358957,0.0,0.0,0,1761137309.3665764
70,31,-0.018129729982953785,0.022693960758726747,0.0,0.0,-0.5620216294715673,0.7035127835205292,0.0,0.0,0,1761137310.1619363
71,9,-0.015722399748076796,0.034781432328301304,0.0,0.0,-0.14150159773269116,0.31303289095471176,0.0,0.0,0,1761137310.361937
72,26,-0.016014396922645006,0.030425534714007194,-0.23076923076923078,-0.02487912355632676,-0.4163743199887701,0.791063902564187,-6.0,-0.6468572124644957,1,1761137311.604829
73,13,-0.0296234501575083,0.0036936290785162594,0.0,-0.07100645635236538,-0.3851048520476079,0.04801717802071137,0.0,-0.92308393258075,0,1761137311.9941473
74,7,-0.03283649734283694,0.003303651532639784,0.0,0.0,-0.2298554813998586,0.02312556072847849,0.0,0.0,0,1761137312.4441
75,46,-0.039008706053281,-0.0119380698222887,0.0,-0.04315070332976612,-1.794400478450926,-0.5491512118252801,0.0,-1.9849323531692418,0,1761137340.2152977
76,80,-0.029145435618515875,0.004305880049428471,0.0,-0.04787210933834964,-2.33163484948127,0.34447040395427764,0.0,-3.8297687470679715,0,1761137341.6808898
77,24,-0.022710991212242418,0.01857473789359548,-0.25,-0.10376120370221548,-0.545063789093818,0.4457937094462915,-6.0,-2.4902688888531714,1,1761137342.247228
78,15,-0.013599395372784432,0.03679417035325252,0.0,0.0,-0.20399093059176648,0.5519125552987878,0.0,0.0,0,1761137342.8723168
79,35,-0.03800852798457966,-0.007975589273371548,-0.17142857142857143,-0.05419779938579752,-1.3302984794602881,-0.2791456245680042,-6.0,-1.8969229785029131,1,1761137343.9056246
80,11,-0.017387921355285885,0.0292510618402229,-0.5454545454545454,-0.08389547317987053,-0.19126713490814473,0.3217616802424519,-6.0,-0.9228502049785758,1,1761137344.1719975
81,14,-0.03687911790145054,-0.007748928803771926,0.0,0.0,-0.5163076506203076,-0.10848500325280697,0.0,0.0,0,1761137344.6735814
82,18,-0.031697438106043765,0.002286987574389122,0.0,0.0,-0.5705538859087878,0.0411657763390042,0.0,0.0,0,1761137345.2889953
83,12,-0.011544648578110306,0.03901132619609161,0.0,0.0,-0.13853578293732366,0.4681359143530993,0.0,0.0,0,1761137345.8806221
84,46,-0.034414079738544906,-0.0039205231616074926,-0.2608695652173913,-0.03361244434809879,-1.5830476679730656,-0.18034406543394466,-12.0,-1.5461724400125445,2,1761137347.205231
85,32,-0.024803716924089954,0.06197054311993756,-0.9375,-0.4719838804476524,-0.7937189415708785,1.983057379838002,-30.0,-15.103484174324876,5,1761137376.489373
86,24,-0.022390592827402574,0.01818000334925964,0.0,0.0,-0.5373742278576618,0.43632008038223136,0.0,0.0,0,1761137377.0067232
87,12,-0.018125665175841535,0.029179505368374322,-1.0,-0.19288795362310465,-0.21750798211009842,0.35015406442049185,-12.0,-2.314655443477256,2,1761137377.347723
88,14,-0.01824752867976903,0.027877504790356947,0.0,0.0,-0.25546540151676644,0.39028506706499727,0.0,0.0,0,1761137378.9229567
89,29,-0.02819910165954198,0.008387064769165214,0.0,0.0,-0.8177739481267174,0.2432248783057912,0.0,0.0,0,1761137380.1016462
90,35,-0.02975705529660161,0.0018817500769871733,0.0,-0.004611518914087175,-1.0414969353810564,0.06586125269455106,0.0,-0.16140316199305113,0,1761137381.3581104
91,16,-0.013402461634265452,0.12862305476191846,-0.75,-0.06934103079410438,-0.21443938614824723,2.0579688761906954,-12.0,-1.10945649270567,2,1761137381.795622
92,11,-0.04765889139407961,-0.02659611942537857,0.0,0.0,-0.5242478053348757,-0.29255731367916427,0.0,0.0,0,1761137382.5509212
93,36,-0.020539945792536693,0.01812553964392151,0.0,0.0,-0.739438048531321,0.6525194271811743,0.0,0.0,0,1761137383.693147
94,11,-0.018742955682378375,0.030134019866024094,0.0,-0.06469001719609248,-0.20617251250616211,0.331474218526265,0.0,-0.7115901891570172,0,1761137384.9986818
95,29,-0.014084377615984415,0.08398439991735451,0.0,0.0,-0.40844695086354804,2.4355475976032808,0.0,0.0,0,1761137415.068811
96,40,-0.020157716033095595,0.058667942037301725,-0.15,-0.1283366552894007,-0.8063086413238238,2.346717681492069,-6.0,-5.133466211576027,1,1761137415.9747298
97,3,-0.029932775838568817,0.016444571272740294,0.0,0.0,-0.08979832751570645,0.04933371381822088,0.0,0.0,0,1761137416.171349
98,66,-0.02947203328205748,0.005548014966600368,0.0,0.0,-1.9451541966157937,0.3661689877956243,0.0,0.0,0,1761137418.101689
99,29,-0.041679849597434857,-0.015559087164966802,-1.0344827586206897,-0.38749832246969274,-1.2087156383256108,-0.4512135277840372,-30.0,-11.23745135162109,5,1761137418.7480092
100,52,-0.0235007333707388,0.012954547240534854,0.0,0.0,-1.2220381352784175,0.6736364565078125,0.0,0.0,0,1761137419.9628534
101,59,-0.030118594285976918,0.004403905987042476,-0.1016949152542373,-0.10490280634079428,-1.7769970628726381,0.2598304532355061,-6.0,-6.189265574106862,1,1761137421.0937495
102,19,-0.02215210973528099,0.020929997736794083,0.0,0.0,-0.4208900849703388,0.3976699569990876,0.0,0.0,0,1761137421.4544082
103,11,-0.015330046154909134,0.16761502321126745,0.0,0.0,-0.16863050770400048,1.8437652553239419,0.0,0.0,0,1761137449.9293475
104,5,-0.029902866086850423,0.016217307697175658,-1.2,-0.11871914775991402,-0.1495143304342521,0.08108653848587828,-6.0,-0.5935957387995701,1,1761137450.2819397
105,51,-0.027338975003387167,0.009647523099385451,0.0,0.0,-1.3942877251727455,0.492023678068658,0.0,0.0,0,1761137451.5873988
106,11,-0.04873577366633664,-0.026814048360175778,0.0,0.0,-0.5360935103297031,-0.29495453196193355,0.0,0.0,0,1761137451.8096952
107,14,-0.01824686541100601,0.027679938458326482,0.0,-0.0023476685760340163,-0.25545611575408417,0.38751913841657076,0.0,-0.03286736006447623,0,1761137452.3876212
108,20,-0.01993085942406699,0.026211641034604927,0.0,-0.09981379153975567,-0.39861718848133976,0.5242328206920985,0.0,-1.9962758307951134,0,1761137453.7490582
109,7,-0.013723801407178632,0.0396269490503285,0.0,0.0,-0.09606660985025042,0.2773886433522995,0.0,0.0,0,1761137453.9440603
110,29,-0.022980656642103074,0.01876484667515179,0.0,0.0,-0.6664390426209892,0.5441805535794019,0.0,0.0,0,1761137454.688204
111,2,-0.026190597107373217,0.03802239473569714,0.0,0.0,-0.052381194214746435,0.07604478947139429,0.0,0.0,0,1761137454.7484293
112,14,-0.028137555746935747,0.01009608992956697,0.0,-0.06878462100688035,-0.39392578045710047,0.14134525901393757,0.0,-0.9629846940963249,0,1761137455.6584983
113,32,-0.024355752114455877,0.014406666621875232,0.0,-0.054053676728772704,-0.779384067662588,0.46101333190000743,0.0,-1.7297176553207265,0,1761137456.5999503
114,10,-0.01362882573967627,0.03862719966418189,0.0,0.0,-0.1362882573967627,0.3862719966418189,0.0,0.0,0,1761137456.8163068
115,15,-0.019369727312761594,0.028087884390935108,0.0,-0.3580013373704581,-0.2905459096914239,0.4213182658640266,0.0,-5.370020060556871,0,1761137457.4194534
116,10,-0.021349128490596312,0.025404690373576046,0.0,-0.06323688114972756,-0.2134912849059631,0.25404690373576044,0.0,-0.6323688114972756,0,1761137486.8683465
117,6,-0.024736558158618725,0.022295196827398427,0.0,0.0,-0.14841934895171235,0.13377118096439056,0.0,0.0,0,1761137487.3425848
118,35,-0.02682905924592734,0.010772997625065343,0.0,-0.03689923961827019,-0.9390170736074569,0.377054916877287,0.0,-1.2914733866394568,0,1761137488.3932226
119,15,-0.020684690056221883,0.021853627461196273,0.0,-0.005430523344499621,-0.31027035084332827,0.32780441191794407,0.0,-0.08145785016749432,0,1761137489.2027037
120,38,-0.022460010645511484,0.018228185445293588,0.0,-0.020633005089268765,-0.8534804045294364,0.6926710469211563,0.0,-0.784054193392213,0,1761137490.1574254
121,11,-0.03993213735410545,-0.013692239695051572,-0.5454545454545454,-0.2586279812419534,-0.43925351089516,-0.1506146366455673,-6.0,-2.8449077936614877,1,1761137490.384654
122,27,-0.014659850886066464,0.08659191886466394,-0.2222222222222222,-0.16783562516872128,-0.39581597392379453,2.3379818093459264,-6.0,-4.531561879555475,1,1761137491.4574537
123,46,-0.022575863491837597,0.05048021856870759,0.0,0.0,-1.0384897206245294,2.322090054160549,0.0,0.0,0,1761137492.6814091
124,11,-0.012236151803289299,0.1710539603010446,0.0,0.0,-0.1345976698361823,1.8815935633114909,0.0,0.0,0,1761137492.9040086
125,46,-0.020833681131107305,0.02099681827971665,0.0,0.0,-0.9583493320309361,0.9658536408669659,0.0,0.0,0,1761137524.3502676
126,42,-0.026170305429760087,0.009564595628748469,0.0,-0.15075576410369923,-1.0991528280499236,0.4017130164074357,0.0,-6.331742092355368,0,1761137525.181411
127,23,-0.012958039829889658,0.02908694658677393,0.0,0.0,-0.29803491608746213,0.6689997714958004,0.0,0.0,0,1761137525.5935225
128,18,-0.0153462841433629,0.03242881609200855,-1.0,-0.061306163483397375,-0.2762331145805322,0.5837186896561539,-18.0,-1.1035109427011527,3,1761137526.1511257
129,23,-0.014657633275516559,0.035622720782890596,0.0,0.0,-0.3371255653368809,0.8193225780064838,0.0,0.0,0,1761137526.7939017
130,21,-0.015035683563906357,0.10528700831010826,0.0,0.0,-0.3157493548420335,2.2110271745122736,0.0,0.0,0,1761137527.25138
131,11,-0.013636468714069327,0.17498587755272685,0.0,0.0,-0.1500011558547626,1.9248446530799952,0.0,0.0,0,1761137527.5900238
132,3,-0.02387621155385694,0.5286283155866803,0.0,0.0,-0.07162863466157082,1.5858849467600409,0.0,0.0,0,1761137528.1865172
133,5,-0.009979455251772736,0.33784515649772384,0.0,0.0,-0.04989727625886368,1.6892257824886192,0.0,0.0,0,1761137528.904005
134,11,-0.019226093631746568,0.030611622222482735,0.0,0.0,-0.21148702994921226,0.3367278444473101,0.0,0.0,0,1761137529.8142223
135,35,-0.016663527674774123,0.07064801705857687,-0.5142857142857142,-0.17739660021436313,-0.5832234686170943,2.4726805970501906,-18.0,-6.208881007502709,3,1761137530.5585299
136,20,-0.010493384933701267,0.11542922777325874,-0.6,-0.21103020636692077,-0.20986769867402535,2.308584555465175,-12.0,-4.220604127338415,2,1761137530.963429
137,29,-0.01720776382303097,0.02869645970482555,-0.20689655172413793,-0.0477372676925734,-0.4990251508678981,0.8321973314399409,-6.0,-1.3843807630846285,1,1761137531.676114
138,4,-0.02237814992428393,0.031942996946078606,0.0,0.0,-0.08951259969713572,0.12777198778431442,0.0,0.0,0,1761137563.124023
139,24,-0.013722975281567478,0.03513777842917805,0.0,-0.08842097331736991,-0.3293514067576195,0.8433066823002732,0.0,-2.1221033596168777,0,1761137563.86275
140,8,-0.028858690644960557,0.012070512994542613,0.0,0.0,-0.23086952515968445,0.09656410395634091,0.0,0.0,0,1761137564.4234414
141,34,-0.024695443430821366,0.012108464622092367,-0.7058823529411765,-0.17528478817405577,-0.8396450766479264,0.41168779715114046,-24.0,-5.959682797917896,4,1761137565.2418222
142,21,-0.013603811118743779,0.0335550860610937,-0.2857142857142857,-0.03096203394428251,-0.28568003349361937,0.7046568072829676,-6.0,-0.6502027128299327,1,1761137565.594229
143,5,-0.03596175862802083,-0.0017563563470383236,0.0,0.0,-0.17980879314010417,-0.008781781735191618,0.0,0.0,0,1761137565.8350732
144,11,-0.013852081290245273,0.03618085587202311,0.0,0.0,-0.152372894192698,0.39798941459225423,0.0,0.0,0,1761137566.5360758
145,12,-0.00785829576082236,0.16551035458628818,0.0,0.0,-0.09429954912986832,1.9861242550354583,0.0,0.0,0,1761137567.261945
146,31,-0.03276703093134937,0.00040934006444950124,0.0,-0.03209484077549719,-1.0157779588718303,0.01268954199793454,0.0,-0.9949400640404128,0,1761137568.3702774
147,2,-0.012223310293704305,0.047966522577652604,0.0,0.0,-0.02444662058740861,0.09593304515530521,0.0,0.0,0,1761137568.7694204
148,36,-0.018477842606671648,0.024155771501503897,0.0,-0.08835115062022551,-0.6652023338401793,0.8696077740541402,0.0,-3.1806414223281183,0,1761137601.683397
149,17,-0.021173576824719646,0.020953198615358985,-0.7058823529411765,-0.23488523056956712,-0.359950806020234,0.35620437646110276,-12.0,-3.993048919682641,2,1761137602.0577192
150,15,-0.0136676241104724,0.035292996049614764,0.0,0.0,-0.205014361657086,0.5293949407442214,0.0,0.0,0,1761137602.8424993
151,51,-0.021089112415265402,0.04857075019911915,0.0,-0.003968679580231077,-1.0755447331785355,2.4771082601550765,0.0,-0.20240265859178494,0,1761137604.4296687
152,20,-0.018154415370058196,0.02581074518707648,0.0,-0.04298515569667265,-0.36308830740116393,0.5162149037415296,0.0,-0.859703113933453,0,1761137604.8765194
153,34,-0.02555319456566407,0.010574745676479418,-0.17647058823529413,-0.03900724094227176,-0.8688086152325784,0.3595413530003002,-6.0,-1.3262461920372397,1,1761137605.6496565
154,57,-0.02528261201972736,0.01173864938903229,0.0,-0.019735680603030985,-1.4411088851244596,0.6691030151748405,0.0,-1.1249337943727662,0,1761137606.7516122
155,4,-0.009771866399362804,0.04741722383117864,0.0,0.0,-0.039087465597451215,0.18966889532471456,0.0,0.0,0,1761137606.8489594
156,13,-0.04206875276626518,-0.01844111347359288,0.0,0.0,-0.5468937859614473,-0.23973447515670743,0.0,0.0,0,1761137607.7150166
157,11,-0.021924303740125443,0.02431233451689263,0.0,-0.008155343713095663,-0.2411673411413799,0.26743567968581894,0.0,-0.08970878084405229,0,1761137608.1101022
158,32,-0.015217765486509317,0.07683380957494451,-0.1875,-0.10898261278391506,-0.48696849556829813,2.4586819063982244,-6.0,-3.487443609085282,1,1761137608.947662
159,3,-0.02224739790028971,0.030177557856038168,0.0,0.0,-0.06674219370086913,0.09053267356811451,0.0,0.0,0,1761137640.0854604
160,17,-0.018472219120391556,0.028678366497166177,0.0,-0.24213466759331717,-0.31402772504665644,0.487532230451825,0.0,-4.116289349086392,0,1761137641.1858356
161,12,-0.014254300948972837,0.03585333230622719,0.0,0.0,-0.17105161138767405,0.43023998767472627,0.0,0.0,0,1761137642.0256946
162,10,-0.00892108980824308,0.04404568748591016,0.0,-0.001929029066024638,-0.08921089808243081,0.4404568748591016,0.0,-0.01929029066024638,0,1761137642.6686661
163,25,-0.024813001477011286,0.016738991827705656,-0.48,-0.021838874422608304,-0.6203250369252822,0.4184747956926414,-12.0,-0.5459718605652076,2,1761137643.187553
164,20,-0.019857672466567913,0.025273955603901395,-0.3,-0.12828987387510393,-0.39715344933135827,0.5054791120780279,-6.0,-2.5657974775020786,1,1761137643.8793175
165,5,-0.04160083739161378,-0.0068028040318424575,0.0,-0.21403609224327064,-0.20800418695806888,-0.03401402015921229,0.0,-1.0701804612163532,0,1761137644.3077588
166,3,-0.021322272343088606,0.5282788581432732,0.0,0.0,-0.06396681702926582,1.5848365744298196,0.0,0.0,0,1761137645.3183374
167,19,-0.013781065217168103,0.02827035737392857,0.0,0.0,-0.261840239126194,0.5371367901046429,0.0,0.0,0,1761137646.2086074
168,4,-0.028809165920865736,0.015891677391746906,0.0,0.0,-0.11523666368346294,0.06356670956698762,0.0,0.0,0,1761137646.6860013
169,2,-0.02095191537980585,0.7773260774906243,0.0,0.0,-0.0419038307596117,1.5546521549812486,0.0,0.0,0,1761137679.1098187
170,14,-0.03573049627112067,-0.005498868051665805,0.0,0.0,-0.5002269477956893,-0.07698415272332126,0.0,0.0,0,1761137679.8600914
171,10,-0.01592588116745385,0.03308518892323256,0.0,0.0,-0.15925881167453848,0.3308518892323256,0.0,0.0,0,1761137680.4440274
172,5,-0.015089226119374206,0.039708457583051054,0.0,0.0,-0.07544613059687102,0.19854228791525527,0.0,0.0,0,1761137680.9793072
173,30,-0.017885705221213417,0.07373354757449828,0.0,-0.16344101332243188,-0.5365711566364025,2.2120064272349484,0.0,-4.903230399672957,0,1761137681.8087504
174,20,-0.011544286466732874,0.11277158758269368,0.0,-0.050195701643340196,-0.23088572933465748,2.2554317516538736,0.0,-1.003914032866804,0,1761137682.2918558
175,21,-0.01303817879404311,0.035484917720281776,0.0,-0.04352109640851842,-0.2738017546749053,0.7451832721259173,0.0,-0.9139430245788869,0,1761137683.0738103
176,4,-0.013113887570473071,0.043889397508664635,0.0,-0.8352616024697823,-0.052455550281892284,0.17555759003465854,0.0,-3.3410464098791293,0,1761137683.259504
177,10,-0.010553916297095591,0.04285719601561306,0.0,0.0,-0.10553916297095592,0.4285719601561306,0.0,0.0,0,1761137684.105051
178,31,-0.009114757730967217,0.06689297587606693,-0.1935483870967742,-0.05097576499091077,-0.28255748965998373,2.073682252158075,-6.0,-1.5802487147182338,1,1761137685.0209315
179,10,-0.030909484899784224,0.004691162696965234,0.0,0.0,-0.30909484899784223,0.04691162696965234,0.0,0.0,0,1761137685.3007555
180,24,-0.013296662023646088,0.09623823924148582,-0.25,-0.058438372921803185,-0.3191198885675061,2.3097177417956596,-6.0,-1.4025209501232765,1,1761137686.4673147
181,44,-0.01957644858031762,0.05186444479193393,-0.4090909090909091,-0.08042941508764331,-0.8613637375339753,2.282035570845093,-18.0,-3.5388942638563057,3,1761137720.4855716
182,9,-0.026290376972030547,0.01369656385026985,0.0,0.0,-0.23661339274827492,0.12326907465242865,0.0,0.0,0,1761137720.8489242
183,15,-0.011660015010155251,0.1336913132028084,0.0,-0.07078622740892467,-0.17490022515232875,2.005369698042126,0.0,-1.06179341113387,0,1761137721.721926
184,26,-0.01681297468470956,0.029490812423824286,0.0,-0.17041626782914057,-0.43713734180244856,0.7667611230194314,0.0,-4.430822963557655,0,1761137722.7386298
185,14,-0.039179064500065676,-0.010715068687817035,0.0,0.0,-0.5485069030009194,-0.1500109616294385,0.0,0.0,0,1761137723.1799135
186,13,-0.008588515303032448,0.15493949346570315,0.0,0.0,-0.11165069893942182,2.014213415054141,0.0,0.0,0,1761137723.93951
187,20,-0.01303943639429897,0.1110366766210874,0.0,0.0,-0.2607887278859794,2.220733532421748,0.0,0.0,0,1761137724.7406003
188,21,-0.012795320916892365,0.030936348434665306,0.0,0.0,-0.26870173925473967,0.6496633171279714,0.0,0.0,0,1761137725.3731775
189,43,-0.019447955398695187,0.05522131534282044,-0.5581395348837209,-0.06792720940865583,-0.8362620821438931,2.374516559741279,-24.0,-2.920870004572201,4,1761137726.4913597
190,38,-0.021790710315192145,0.05808834553090333,0.0,0.0,-0.8280469919773015,2.2073571301743264,0.0,0.0,0,1761137727.1866093
191,28,-0.014261942561676805,0.08312011978145782,-0.42857142857142855,-0.06536426036625788,-0.39933439172695057,2.327363353880819,-12.0,-1.8301992902552207,2,1761137727.6899352
192,18,-0.011187428252122048,0.11963198605268516,0.0,0.0,-0.20137370853819686,2.1533757489483327,0.0,0.0,0,1761137760.2265282
193,22,-0.020876383809849883,0.09021723719142388,0.0,0.0,-0.4592804438166974,1.9847792182113255,0.0,0.0,0,1761137761.045665
194,14,-0.014754019369696341,0.03442202579054069,0.0,-0.29102794885350447,-0.2065562711757488,0.4819083610675697,0.0,-4.074391283949063,0,1761137761.5119324
195,13,-0.01802121466591364,0.026368883895717607,0.0,-0.04889673902031455,-0.23427579065687734,0.3427954906443289,0.0,-0.6356576072640892,0,1761137762.0674791
196,14,-0.0257817630054769,0.11699439796379997,0.0,0.0,-0.36094468207667657,1.6379215714931996,0.0,0.0,0,1761137762.6123884
197,32,-0.019031622644285016,0.06718906291302311,0.0,-0.08883501391659035,-0.6090119246171205,2.1500500132167395,0.0,-2.842720445330891,0,1761137763.3884063
198,36,-0.032740967770909256,-8.249154018535721e-05,0.0,-0.19413521380398036,-1.1786748397527331,-0.00296969544667286,0.0,-6.988867696943293,0,1761137764.0836163
199,14,-0.011344336220177331,0.1456152311897189,0.0,-0.10102583957395717,-0.15882070708248264,2.0386132366560643,0.0,-1.4143617540354003,0,1761137764.7049053
200,28,-0.017437077467855937,0.07984544294569232,-0.42857142857142855,-0.04708450721863206,-0.48823816909996626,2.235672402479385,-12.0,-1.3183662021216978,2,1761137765.8538883
201,39,-0.020958205948240584,0.01977280918167872,-0.6153846153846154,-0.0586185613043709,-0.8173700319813828,0.7711395580854701,-24.0,-2.2861238908704653,4,1761137766.6433234
202,12,-0.01724319614084299,0.031303279184186704,0.0,0.0,-0.20691835369011585,0.3756393502102404,0.0,0.0,0,1761137766.9051545
203,35,-0.023584913291388877,0.006290483094128429,0.0,-0.01486817761582157,-0.8254719651986107,0.22016690829449503,0.0,-0.5203862165537549,0,1761137800.072506
204,11,-0.014909602467744643,0.03250552919368864,0.0,-0.08917708005061381,-0.16400562714519107,0.357560821130575,0.0,-0.980947880556752,0,1761137800.3467069
205,23,-0.01184903946309507,0.09853881530288601,-0.5217391304347826,-0.22470139010387938,-0.2725279076511866,2.2663927519663782,-12.0,-5.168131972389226,2,1761137801.104284
206,16,-0.0132807979114592,0.12795577301450844,0.0,0.0,-0.2124927665833472,2.047292368232135,0.0,0.0,0,1761137801.8004136
207,15,-0.009572006828630275,0.13567364387391181,0.0,-0.024642131865306602,-0.14358010242945413,2.0351046581086774,0.0,-0.369631977979599,0,1761137802.1247916
208,45,-0.022411720155551405,0.04990303674420381,0.0,0.0,-1.0085274069998131,2.2456366534891714,0.0,0.0,0,1761137803.3857439
209,6,-0.009646927474811664,0.04676224987029532,0.0,0.0,-0.057881564848869985,0.28057349922177194,0.0,0.0,0,1761137803.5956233
210,41,-0.016700830192795914,0.0606802413964361,-1.024390243902439,-0.02119609785839303,-0.6847340379046325,2.48788989725388,-42.0,-0.8690400121941142,9,1761137804.5631802
211,7,-0.0120296865754809,0.04127147954981336,-0.8571428571428571,-0.23297567835476715,-0.0842078060283663,0.28890035684869353,-6.0,-1.63082974848337,1,1761137804.7531893
212,10,-0.005913034557634719,0.1902218023991316,0.0,0.0,-0.05913034557634719,1.902218023991316,0.0,0.0,0,1761137805.4120245
213,33,-0.022191661472410463,0.061680272871415774,-0.5454545454545454,-0.09987054754335274,-0.7323248285895453,2.0354490047567206,-18.0,-3.2957280689306403,3,1761137806.2801497
214,2,-0.02080124403616708,0.7773477268986883,0.0,0.0,-0.04160248807233416,1.5546954537973765,0.0,0.0,0,1761137806.46233
215,18,-0.018109778443139674,0.11062109029084737,0.0,-0.17090314444264637,-0.32597601197651416,1.9911796252352525,0.0,-3.0762565999676346,0,1761137840.0553796
216,15,-0.015467881188934874,0.1315012983683787,0.0,0.0,-0.2320182178340231,1.9725194755256805,0.0,0.0,0,1761137840.4816105
217,15,-0.010829780433940546,0.13819577277305714,0.0,0.0,-0.1624467065091082,2.072936591595857,0.0,0.0,0,1761137841.026567
218,10,-0.014805134669664061,0.18466516465721075,0.0,0.0,-0.1480513466966406,1.8466516465721075,0.0,0.0,0,1761137841.2965348
219,20,-0.009468196841697665,0.11221537284306655,0.0,0.0,-0.1893639368339533,2.244307456861331,0.0,0.0,0,1761137842.2748137
220,19,-0.008829556268899138,0.11841226431120917,0.0,0.0,-0.16776156910908363,2.2498330219129743,0.0,0.0,0,1761137842.8825102
221,22,-0.016478431192284086,0.028062374646993234,-0.5454545454545454,-0.09086613099258913,-0.3625254862302499,0.6173722422338511,-12.0,-1.999054881836961,2,1761137843.2895775
222,28,-0.016458980721187434,0.07686804904831679,0.0,0.0,-0.4608514601932482,2.15230537335287,0.0,0.0,0,1761137843.9403293
223,30,-0.021331054108476147,0.07141412489660365,-0.2,-0.06019378340407498,-0.6399316232542844,2.1424237468981095,-6.0,-1.8058135021222494,1,1761137844.5150843
224,41,-0.02190888400719548,0.05383064582296831,0.0,0.0,-0.8982642442950147,2.2070564787417006,0.0,0.0,0,1761137845.4628162
225,24,-0.017306177997318088,0.08916758469320024,-0.75,-0.15990004205003316,-0.4153482719356341,2.140022032636806,-18.0,-3.837601009200796,3,1761137845.9705925
226,14,-0.014023064146988966,0.03262628475852824,0.0,0.0,-0.19632289805784553,0.4567679866193953,0.0,0.0,0,1761137846.7271452
227,19,-0.012911709456540117,0.11182231757112167,0.0,0.0,-0.2453224796742622,2.124624033851312,0.0,0.0,0,1761137847.3068273
228,26,-0.013284270204937127,0.020410095345885868,0.0,0.0,-0.3453910253283653,0.5306624789930325,0.0,0.0,0,1761137882.0183992
229,1,-0.05916724896836256,1.5,0.0,0.0,-0.05916724896836256,1.5,0.0,0.0,0,1761137882.1837964
230,3,-0.011120172847329987,0.536464553542617,0.0,0.0,-0.03336051854198996,1.609393660627851,0.0,0.0,0,1761137882.6706939
231,7,-0.021570029004557012,0.027833226584010665,0.0,0.0,-0.15099020303189908,0.19483258608807466,0.0,0.0,0,1761137883.1624143
232,6,-0.027851395696102968,0.014997863654830504,0.0,0.0,-0.1671083741766178,0.08998718192898303,0.0,0.0,0,1761137883.6677415
233,15,-0.02872453845103572,0.10625153316286493,0.0,0.0,-0.4308680767655358,1.593772997442974,0.0,0.0,0,1761137884.4635115
234,5,-0.021159653809098154,0.030468315454625944,0.0,0.0,-0.10579826904549076,0.15234157727312972,0.0,0.0,0,1761137884.791435
235,27,-0.018941256950238405,0.021707274918991153,-0.2222222222222222,-0.04233922610883169,-0.511413937656437,0.5860964228127611,-6.0,-1.1431591049384555,1,1761137885.7295082
236,5,-0.01608309625444576,0.33779659931839556,0.0,0.0,-0.0804154812722288,1.6889829965919778,0.0,0.0,0,1761137885.892789
237,20,-0.013076116757051537,0.1061354168218271,0.0,-0.15254964506140656,-0.26152233514103074,2.122708336436542,0.0,-3.050992901228131,0,1761137886.653957
238,18,-0.01147809538341819,0.12020281514972012,0.0,0.0,-0.20660571690152743,2.163650672694962,0.0,0.0,0,1761137887.535937
239,28,-0.013981631145449272,0.08250715507249369,-0.42857142857142855,-0.1091392350079137,-0.3914856720725796,2.310200342029823,-12.0,-3.0558985802215837,2,1761137888.2586212
240,21,-0.009805945944611068,0.11044623114006903,0.0,0.0,-0.20592486483683242,2.3193708539414497,0.0,0.0,0,1761137888.7085626
241,8,-0.009613203006558865,0.22816753419765687,0.0,0.0,-0.07690562405247092,1.825340273581255,0.0,0.0,0,1761137889.0514083
242,28,-0.01463594970416745,0.032937007629797135,0.0,0.0,-0.4098065917166886,0.9222362136343198,0.0,0.0,0,1761137923.4631712
243,21,-0.014855856881233002,0.10144534066408062,0.0,0.0,-0.31197299450589305,2.130352153945693,0.0,0.0,0,1761137924.0291753
244,41,-0.015383421507128391,0.05885683968516741,-0.14634146341463414,-0.006182086225418903,-0.630720281792264,2.413130427091864,-6.0,-0.253465535242175,1,1761137924.873845
245,17,-0.010324080506452268,0.12844622709123277,0.0,-0.027762003000192898,-0.17550936860968858,2.183585860550957,0.0,-0.47195405100327925,0,1761137925.177974
246,10,-0.021616620496341794,0.026824060638199393,0.0,-0.1760124925850048,-0.21616620496341793,0.26824060638199393,0.0,-1.7601249258500478,0,1761137925.5116649
247,21,-0.02755943504042551,0.008311038166917166,0.0,0.0,-0.5787481358489357,0.1745318015052605,0.0,0.0,0,1761137926.4143553
248,36,-0.009967798020613365,0.07118228425696407,-0.6666666666666666,-0.0789965314797213,-0.3588407287420811,2.5625622332507065,-24.0,-2.8438751332699668,5,1761137927.3890548
249,25,-0.026475110792452794,0.010997522717046373,0.0,-0.23954505849380367,-0.6618777698113198,0.2749380679261593,0.0,-5.988626462345092,0,1761137927.8729303
250,37,-0.021049323048818555,0.05890012708313238,-1.135135135135135,-0.3190798962561213,-0.7788249528062865,2.179304702075898,-42.0,-11.80595616147649,8,1761137928.8846502
251,20,-0.01694842433301323,0.0297250289012738,0.0,0.0,-0.33896848666026463,0.594500578025476,0.0,0.0,0,1761137929.5284631
252,14,-0.019702408837905045,0.12618452836672883,0.0,0.0,-0.2758337237306706,1.7665833971342038,0.0,0.0,0,1761137930.0752988
253,22,-0.024088043296855523,0.013996226688626025,-2.4545454545454546,-0.2432866927259923,-0.5299369525308215,0.30791698714977256,-54.0,-5.3523072399718306,13,1761137930.6596322
254,7,-0.015877419852339116,0.24953774886984975,0.0,0.0,-0.11114193896637381,1.7467642420889482,0.0,0.0,0,1761137931.2597451
255,34,-0.02108827674866248,0.06234905921214627,0.0,-0.13075871247914164,-0.7170014094545243,2.1198680132129732,0.0,-4.445796224290816,0,1761137967.135939
256,5,-0.009936590479236927,0.3410629828671957,0.0,0.0,-0.04968295239618463,1.7053149143359787,0.0,0.0,0,1761137967.3893604
257,47,-0.02807972289509777,0.039229571105618616,-0.1276595744680851,-0.04940368917230113,-1.3197469760695952,1.843789841964075,-6.0,-2.3219733910981533,1,1761137968.492506
258,12,-0.021292338434569985,0.02331527893835521,-0.5,-0.004431498083775569,-0.2555080612148398,0.27978334726026255,-6.0,-0.053177977005306826,1,1761137968.7283463
259,35,-0.014041572814821175,0.07408926491782379,0.0,-0.04387299811747475,-0.4914550485187411,2.593124272123833,0.0,-1.5355549341116161,0,1761137969.9915218
260,20,-0.012522749494808482,0.11290252788169912,-0.3,-0.12205203997168439,-0.25045498989616966,2.2580505576339824,-6.0,-2.441040799433688,1,1761137970.4058359
261,27,-0.01873412768387907,0.08156147706722133,0.0,-0.14306842663402866,-0.5058214474647349,2.202159880814976,0.0,-3.8628475191187737,0,1761137970.9822676
262,16,-0.01443845469285401,0.0349725127891694,0.0,0.0,-0.23101527508566416,0.5595602046267104,0.0,0.0,0,1761137971.4594696
263,32,-0.008218146091403561,0.07393831591818649,-0.5625,-0.04915519119591425,-0.26298067492491395,2.3660261093819677,-18.0,-1.572966118269256,3,1761137972.1912272
264,14,-0.01653915732027436,0.1377892783500056,0.0,0.0,-0.23154820248384106,1.9290498969000782,0.0,0.0,0,1761137972.4474747
265,10,-0.009048415181494891,0.18828922324693678,0.0,-0.038528632534180665,-0.09048415181494891,1.8828922324693678,0.0,-0.3852863253418067,0,1761137972.6868317
266,23,-0.011428425131508097,0.10209961643882685,0.0,0.0,-0.26285377802468624,2.348291178093018,0.0,0.0,0,1761137973.4487941
267,4,-0.019214040135507295,0.03277687903463389,0.0,0.0,-0.07685616054202918,0.13110751613853555,0.0,0.0,0,1761137973.569198
268,17,-0.010944349773371992,0.12644089484012516,0.0,0.0,-0.18605394614732387,2.149495212282128,0.0,0.0,0,1761138009.308699
269,15,-0.016859987752705523,0.032204134397926375,0.0,-0.04787833073229157,-0.25289981629058284,0.4830620159688956,0.0,-0.7181749609843736,0,1761138009.998915
270,33,-0.020596911621760767,0.06658807210608039,-0.7272727272727273,-0.16936998622397312,-0.6796980835181053,2.197406379500653,-24.0,-5.589209545391113,4,1761138010.7107222
271,6,-0.020239871826458505,0.027045731314431044,-1.0,-0.022724668296067604,-0.12143923095875103,0.16227438788658627,-6.0,-0.13634800977640563,1,1761138010.9454098
272,1,-0.024942953218178646,0.05325258146815574,0.0,0.0,-0.024942953218178646,0.05325258146815574,0.0,0.0,0,1761138011.3996449
273,9,-0.019147885635096604,0.027366861780316252,-0.6666666666666666,-0.18415964443216018,-0.17233097071586942,0.24630175602284626,-6.0,-1.6574367998894417,1,1761138012.0144567
274,11,-0.03179004141059097,0.0023705584000010198,0.0,0.0,-0.3496904555165007,0.026076142400011215,0.0,0.0,0,1761138012.5314085
275,9,-0.020750908675917577,0.1876550475109974,0.0,0.0,-0.1867581780832582,1.6888954275989767,0.0,0.0,0,1761138013.1574047
276,4,-0.021540389719988246,0.02909109687767153,0.0,0.0,-0.08616155887995298,0.11636438751068612,0.0,0.0,0,1761138013.442232
277,17,-0.008488897808056171,0.12653589489889003,0.0,0.0,-0.1443112627369549,2.1511102132811306,0.0,0.0,0,1761138014.2470095
278,29,-0.02217005080629284,0.020884185003725735,-0.8275862068965517,-0.03565973252875942,-0.6429314733824925,0.6056413651080463,-24.0,-1.0341322433340232,4,1761138015.0546205
279,25,-0.00992966824265461,0.09738498193988405,0.0,-0.01696041146151587,-0.24824170606636525,2.4346245484971014,0.0,-0.42401028653789674,0,1761138015.8708723
280,44,-0.026687783782141285,0.009636508041191988,-0.13636363636363635,-0.10221421177646507,-1.1742624864142166,0.42400635381244745,-6.0,-4.4974253181644634,1,1761138052.4233727
281,24,-0.011745890227738684,0.03700123561658432,-0.5,-0.07385252933455164,-0.2819013654657284,0.8880296547980236,-12.0,-1.7724607040292393,2,1761138052.992246
282,28,-0.014697956210758988,0.0829307041797612,-0.21428571428571427,-0.036614876233676874,-0.41154277390125166,2.3220597170333135,-6.0,-1.0252165345429525,1,1761138053.5670178
283,14,-0.009903834345717814,0.14793074230085,-0.42857142857142855,-0.14559903774181718,-0.1386536808400494,2.0710303922118998,-6.0,-2.0383865283854403,1,1761138053.8321218
284,15,-0.006992528362599413,0.13819186064088457,0.0,0.0,-0.1048879254389912,2.0728779096132683,0.0,0.0,0,1761138054.403053
285,27,-0.02582448310636133,0.011500872381599534,-0.2222222222222222,-0.04430281457261322,-0.6972610438717559,0.3105235543031874,-6.0,-1.196175993460557,1,1761138055.0257633
286,8,-0.024820643532270995,0.018854977513639702,0.0,0.0,-0.19856514825816796,0.15083982010911762,0.0,0.0,0,1761138055.3537447
287,17,-0.014591751706332196,0.02931229288871423,0.0,0.0,-0.24805977900764734,0.4983089791081419,0.0,0.0,0,1761138055.9267995
288,25,-0.008142296091893505,0.1006745196804533,0.0,-0.017212122847304664,-0.20355740229733763,2.5168629920113323,0.0,-0.4303030711826166,0,1761138056.614497
289,28,-0.021927026552994475,0.06927203332783552,0.0,0.0,-0.6139567434838453,1.9396169331793947,0.0,0.0,0,1761138057.0830312
290,23,-0.020279064408171316,0.02016058311010052,-1.3043478260869565,-0.2975761754871725,-0.46641848138794023,0.463693411532312,-30.0,-6.844252036204968,5,1761138057.515614
291,15,-0.008982535889450142,0.13899312709985742,-0.8,-0.16699542023116085,-0.13473803834175213,2.0848969064978613,-12.0,-2.5049313034674126,2,1761138057.937804
292,13,-0.016280163804422813,0.03296767406334088,-0.9230769230769231,-0.2955604636930795,-0.21164212945749655,0.42857976282343135,-12.0,-3.842286028010033,2,1761138058.3804226
293,11,-0.008277231320722474,0.17653249223312675,0.0,0.0,-0.09104954452794722,1.9418574145643943,0.0,0.0,0,1761138058.7542448
294,40,-0.012136036079547306,0.05172435489954821,-0.15,-0.018875390659861244,-0.4854414431818922,2.0689741959819283,-6.0,-0.7550156263944497,1,1761138094.1071436
295,33,-0.015037625865397818,0.07319265013482797,0.0,0.0,-0.496241653558128,2.415357454449323,0.0,0.0,0,1761138094.6471758
296,3,-0.01437616403298671,0.53115132336615,0.0,0.0,-0.04312849209896013,1.59345397009845,0.0,0.0,0,1761138094.7236621
297,25,-0.00853457836944818,0.09113384139644,-0.24,-0.07799001132734368,-0.2133644592362045,2.278346034911,-6.0,-1.949750283183592,1,1761138095.616104
298,26,-0.020287412595014362,0.0757511111311671,0.0,-0.06039403178385808,-0.5274727274703734,1.9695288894103447,0.0,-1.5702448263803102,0,1761138096.1889362
299,32,-0.019275702806882074,0.06681288946713607,-0.1875,-0.05530382866303859,-0.6168224898202264,2.138012462948354,-6.0,-1.7697225172172348,1,1761138096.8024182
300,5,-0.02524276927373791,0.023893740670013746,0.0,0.0,-0.12621384636868954,0.11946870335006873,0.0,0.0,0,1761138096.9124668
301,18,-0.0139368701162308,0.03502225357290778,0.0,0.0,-0.2508636620921544,0.63040056431234,0.0,0.0,0,1761138097.3992887
302,9,-0.020869968170419795,0.026391271698253633,0.0,0.0,-0.18782971353377817,0.2375214452842827,0.0,0.0,0,1761138097.6586683
303,11,-0.015329859277780977,0.16816791165731673,0.0,-0.12408396478119249,-0.16862845205559074,1.8498470282304842,0.0,-1.3649236125931175,0,1761138098.195346
304,23,-0.015280017544387767,0.09485874870179117,0.0,0.0,-0.35144040352091865,2.181751220141197,0.0,0.0,0,1761138098.9100246
305,18,-0.011633645614904035,0.12045777873351035,-0.6666666666666666,-0.03351954601654344,-0.20940562106827265,2.1682400172031864,-12.0,-0.6033518282977819,2,1761138099.350843
306,30,-0.017067151619990926,0.07464815497368801,-0.2,-0.23894737305609787,-0.5120145485997277,2.2394446492106406,-6.0,-7.168421191682936,1,1761138100.010963
307,4,-0.009826435508915567,0.41225882818169174,0.0,0.0,-0.03930574203566227,1.649035312726767,0.0,0.0,0,1761138100.2768948
308,15,-0.008005949295256928,0.14187571058283482,0.0,-0.03978851991788048,-0.12008923942885392,2.128135658742522,0.0,-0.5968277987682072,0,1761138134.7908626
309,10,-0.00827948479732228,0.1910675372445548,-0.6,-0.16441481626166365,-0.0827948479732228,1.910675372445548,-6.0,-1.6441481626166365,1,1761138135.1014519
310,13,-0.0367026049371132,-0.0060293688703772965,-1.3846153846153846,-0.39271718236433506,-0.47713386418247156,-0.07838179531490486,-18.0,-5.105323370736356,3,1761138135.769246
311,16,-0.021539422227849388,0.11349746800986328,0.0,0.0,-0.3446307556455902,1.8159594881578125,0.0,0.0,0,1761138136.1382682
312,28,-0.012683678457853674,0.08786811181885452,0.0,-0.07026027454566662,-0.35514299681990286,2.4603071309279265,0.0,-1.9672876872786653,0,1761138136.7667127
313,2,-0.02657435845090389,0.029340124531553546,0.0,0.0,-0.05314871690180778,0.05868024906310709,0.0,0.0,0,1761138136.9481947
314,29,-0.01292783299164934,0.08552735463554265,-0.20689655172413793,-0.008216149037460471,-0.3749071567578308,2.480293284430737,-6.0,-0.23826832208635365,1,1761138137.7284784
315,24,-0.017214607693637782,0.0916860138040262,0.0,-0.08920483311982862,-0.41315058464730675,2.200464331296629,0.0,-2.1409159948758867,0,1761138138.1854014
316,27,-0.014394377717179063,0.031376749140086174,-0.6666666666666666,-0.15172127606852504,-0.3886481983638347,0.8471722267823267,-18.0,-4.096474453850176,3,1761138138.8124197
317,20,-0.013850100275633204,0.033265237738211155,0.0,0.0,-0.2770020055126641,0.6653047547642231,0.0,0.0,0,1761138139.3815308
318,41,-0.019522266084275527,0.020626667579365168,-0.14634146341463414,-0.02914348025724056,-0.8004129094552966,0.8456933707539719,-6.0,-1.194882690546863,1,1761138140.0813305
319,17,-0.014633795921284455,0.11568332775328784,0.0,0.0,-0.24877453066183572,1.9666165718058932,0.0,0.0,0,1761138140.499681
320,19,-0.013153653275114053,0.10653043905298172,-0.3157894736842105,-0.21181030069645815,-0.24991941222716701,2.0240783420066526,-6.0,-4.024395713232705,1,1761138141.0647333
321,2,-0.027322632294445655,0.7766611067092366,0.0,0.0,-0.05464526458889131,1.5533222134184732,0.0,0.0,0,1761138141.354933
322,29,-0.011383112519903869,0.08209652381262153,0.0,-0.008978332434194622,-0.3301102630772122,2.3807991905660244,0.0,-0.260371640591644,0,1761138142.2947652
323,44,-0.020998731126122067,0.051455446530486844,-0.2727272727272727,-0.09784450539550825,-0.923944169549371,2.2640396473414213,-12.0,-4.305158237402363,2,1761138177.5884187
324,11,-0.012284807677705461,0.16651644128789894,0.0,0.0,-0.13513288445476007,1.8316808541668883,0.0,0.0,0,1761138177.811809
325,4,-0.018097295132225688,0.035978665176991664,0.0,0.0,-0.07238918052890275,0.14391466070796666,0.0,0.0,0,1761138178.3988936
326,13,-0.011779935414413181,0.1512792571518526,0.0,0.0,-0.15313916038737135,1.9666303429740837,0.0,0.0,0,1761138179.0742457
327,15,-0.02975540726308156,0.005744781021043499,-1.6,-0.1807627538504007,-0.4463311089462234,0.08617171531565249,-24.0,-2.71144130775601,4,1761138179.5779388
328,22,-0.008292040289641998,0.10537591190146221,0.0,-0.09998439567436797,-0.18242488637212395,2.3182700618321688,0.0,-2.1996567048360953,0,1761138180.3505473
329,5,-0.044140500263610535,-0.0141889734870696,0.0,0.0,-0.2207025013180527,-0.070944867435348,0.0,0.0,0,1761138180.626406
330,14,-0.006769336009050394,0.1481056227430891,0.0,0.0,-0.09477070412670552,2.0734787184032477,0.0,0.0,0,1761138181.2967565
331,20,-0.007561654417667147,0.1157657738547871,0.0,0.0,-0.15123308835334293,2.315315477095742,0.0,0.0,0,1761138181.926403
332,9,-0.009138772324997189,0.20640236293086867,0.0,0.0,-0.0822489509249747,1.857621266377818,0.0,0.0,0,1761138182.3353386
333,25,-0.019091331042991985,0.08212193733182736,-0.72,-0.10369028204287757,-0.47728327607479965,2.053048433295684,-18.0,-2.592257051071939,3,1761138183.2191577
334,10,-0.008117354414827267,0.19155295799918748,0.0,0.0,-0.08117354414827266,1.9155295799918748,0.0,0.0,0,1761138183.4613116
335,13,-0.01396858824433317,0.03563077269016241,0.0,0.0,-0.18159164717633122,0.4632000449721113,0.0,0.0,0,1761138184.078779
336,18,-0.01599454745483536,0.03238122265228193,0.0,-0.0027115825123111173,-0.2879018541870365,0.5828620077410748,0.0,-0.04880848522160011,0,1761138217.4443479
337,27,-0.01079869392494189,0.09143996725731218,-0.4444444444444444,-0.006167229095840099,-0.291564735973431,2.468879115947429,-12.0,-0.16651518558768266,2,1761138218.2160635
338,25,-0.013396229426894588,0.09247440822643935,-0.72,-0.06405644331980376,-0.3349057356723647,2.3118602056609836,-18.0,-1.6014110829950938,3,1761138218.7554948
339,31,-0.015141269399521233,0.07684611086128024,0.0,-0.04166289371006518,-0.46937935138515824,2.3822294366996872,0.0,-1.2915497050120206,0,1761138219.6650848
340,14,-0.01933770115114485,0.027984149258585604,0.0,0.0,-0.27072781611602786,0.39177808962019844,0.0,0.0,0,1761138220.0622349
341,15,-0.007890666585407416,0.1428523196077251,0.0,-0.11285389166682307,-0.11835999878111125,2.1427847941158764,0.0,-1.692808375002346,0,1761138220.551018
342,23,-0.01976371453553629,0.08870296603414458,0.0,0.0,-0.4545654343173347,2.0401682187853254,0.0,0.0,0,1761138221.170866
343,24,-0.010051845287105237,0.09652390897871703,0.0,0.0,-0.2412442868905257,2.3165738154892086,0.0,0.0,0,1761138221.7115717
344,21,-0.01025145365581894,0.10948673677292903,0.0,-0.2703556415602792,-0.21528052677219772,2.2992214722315096,0.0,-5.677468472765863,0,1761138222.2862706
345,55,-0.020328110010098824,0.04375373152699572,-0.32727272727272727,-0.013429448567804689,-1.1180460505554353,2.4064552339847647,-18.0,-0.7386196712292579,3,1761138223.4519095
346,11,-0.014129578791242471,0.17076612177144795,0.0,0.0,-0.1554253667036672,1.8784273394859274,0.0,0.0,0,1761138223.6735852
347,7,-0.00652298435846034,0.25549991071664596,0.0,0.0,-0.04566089050922238,1.7884993750165217,0.0,0.0,0,1761138224.1181226
348,15,-0.016268037197741756,0.029024483117594136,-0.4,-0.2174325359721481,-0.24402055796612634,0.43536724676391203,-6.0,-3.2614880395822214,1,1761138224.4588854
349,6,-0.009733990085642312,0.29096360936161664,0.0,0.0,-0.05840394051385388,1.7457816561697,0.0,0.0,0,1761138224.7353716
350,11,-0.01246444044706006,0.1700325206638271,0.0,0.0,-0.13710884491766065,1.8703577273020981,0.0,0.0,0,1761138259.273973
351,16,-0.006657904464459892,0.13504391691885106,0.0,0.0,-0.10652647143135827,2.160702670701617,0.0,0.0,0,1761138259.866264
352,11,-0.011092556098275967,0.03779452084814327,-2.1818181818181817,-0.316941288394726,-0.12201811708103563,0.4157397293295759,-24.0,-3.486354172341986,5,1761138260.1528502
353,34,-0.01635939857877374,0.025728604522118396,0.0,-0.014027389657475913,-0.5562195516783072,0.8747725537520255,0.0,-0.47693124835418105,0,1761138261.1733413
354,5,-0.013034523698141917,0.33624272208218364,0.0,0.0,-0.06517261849070959,1.681213610410918,0.0,0.0,0,1761138261.2867885
355,9,-0.015209168745992981,0.03655682488200288,0.0,0.0,-0.13688251871393683,0.32901142393802596,0.0,0.0,0,1761138261.8648796
356,8,-0.01389547601642792,0.22482353456530346,0.0,0.0,-0.11116380813142336,1.7985882765224277,0.0,0.0,0,1761138262.5787354
357,23,-0.008904345616468268,0.10515769014335898,-0.5217391304347826,-0.04384779827225451,-0.20479994917877015,2.4186268732972565,-12.0,-1.0084993602618537,3,1761138263.6068833
358,7,-0.006237071083865203,0.2580231349303141,0.0,0.0,-0.04365949758705642,1.8061619445121988,0.0,0.0,0,1761138263.81562
359,18,-0.015829193456209294,0.11339741310803747,-0.3333333333333333,-0.27225309022677774,-0.2849254822117673,2.0411534359446746,-6.0,-4.900555624081999,1,1761138264.48516
360,9,-0.011581281780463097,0.20623156250960384,-0.6666666666666666,-0.18613099783270756,-0.10423153602416788,1.8560840625864345,-6.0,-1.675178980494368,1,1761138264.9010096
361,23,-0.018799810555082428,0.027182479023671123,0.0,0.0,-0.43239564276689585,0.6251970175444358,0.0,0.0,0,1761138265.69604
362,43,-0.019847841609172672,0.054612127242804884,-0.13953488372093023,-0.030398686041057346,-0.8534571891944249,2.34832147144061,-6.0,-1.3071434997654658,1,1761138266.563004
363,3,-0.029168262485774143,0.018572077746215932,0.0,0.0,-0.08750478745732243,0.0557162332386478,0.0,0.0,0,1761138266.6618843
364,17,-0.011743938249609027,0.0366612966616347,0.0,-0.11053423362293516,-0.19964695024335347,0.6232420432477899,0.0,-1.8790819715898976,0,1761138300.3376396
365,10,-0.0047937687049509625,0.04465811420140055,0.0,0.0,-0.047937687049509625,0.4465811420140055,0.0,0.0,0,1761138300.6682088
366,23,-0.014143265609886657,0.09650228134811523,0.0,-0.08266447244547546,-0.3252951090273931,2.2195524710066503,0.0,-1.9012828662459356,0,1761138301.4797297
367,30,-0.017929834844494327,0.07306319224765404,-0.2,0.0,-0.5378950453348298,2.191895767429621,-6.0,0.0,1,1761138302.1242406
368,34,-0.014506345214692785,0.07263136325660723,0.0,0.0,-0.4932157372995547,2.4694663507246455,0.0,0.0,0,1761138302.773133
369,13,-0.019983972778442403,0.024957825626008085,-0.46153846153846156,-0.17465967200233554,-0.25979164611975125,0.3244517331381051,-6.0,-2.270575736030362,1,1761138303.05763
370,24,-0.011704825057907264,0.09960587066073534,0.0,0.0,-0.28091580138977434,2.390540895857648,0.0,0.0,0,1761138303.5955617
371,9,-0.014583302520963607,0.19688210719525998,0.0,0.0,-0.13124972268867247,1.7719389647573398,0.0,0.0,0,1761138303.7779508
372,46,-0.021752502825055177,0.04804481116663019,-0.5217391304347826,-0.06868505055131338,-1.000615129952538,2.2100613136649887,-24.0,-3.1595123253604154,4,1761138304.8178573
373,12,-0.007770898337607771,0.1620528016647154,0.0,-0.13040078798107024,-0.09325078005129325,1.9446336199765848,0.0,-1.564809455772843,0,1761138305.0610862
374,28,-0.014978304207828993,0.08175632642469179,0.0,-0.10973698320603427,-0.41939251781921183,2.28917713989137,0.0,-3.0726355297689594,0,1761138306.0382907
375,2,-0.01248636713732626,0.7837587257366639,0.0,0.0,-0.02497273427465252,1.5675174514733279,0.0,0.0,0,1761138306.2627087
376,49,-0.024609974597423662,0.04269094464923669,0.0,-0.06695102511189345,-1.2058887552737594,2.0918562878125977,0.0,-3.2806002304827793,0,1761138341.6385705
377,5,-0.013277798191887047,0.33903172741895304,0.0,0.0,-0.06638899095943523,1.695158637094765,0.0,0.0,0,1761138341.79844
378,35,-0.01513665083153475,0.06576349642758453,0.0,0.0,-0.5297827791037163,2.3017223749654585,0.0,0.0,0,1761138342.935037
379,10,-0.012160908885279665,0.03993419708336188,-0.6,0.0,-0.12160908885279666,0.3993419708336188,-6.0,0.0,1,1761138343.1422703
380,27,-0.012603266719427506,0.0814796915295849,0.0,-0.07401979126637237,-0.34028820142454264,2.199951671298792,0.0,-1.998534364192054,0,1761138344.1480455
381,30,-0.010620024017935246,0.07842782174697392,0.0,-0.10333062065407615,-0.3186007205380574,2.352834652409218,0.0,-3.0999186196222848,0,1761138344.6706004
382,13,-0.0057944363495247685,0.15607916225614848,0.0,0.0,-0.07532767254382199,2.0290291093299304,0.0,0.0,0,1761138345.0821486
383,16,-0.017335184049357983,0.11751140175184599,-0.375,-0.09024407051275282,-0.27736294478972773,1.8801824280295358,-6.0,-1.4439051282040452,1,1761138345.6532974
384,11,-0.028799632352704975,0.00802560558675894,0.0,0.0,-0.31679595587975473,0.08828166145434835,0.0,0.0,0,1761138346.0841024
385,22,-0.02559964065387528,0.016027685670049256,-0.2727272727272727,-0.14231350212521904,-0.5631920943852562,0.35260908474108366,-6.0,-3.1308970467548187,1,1761138346.8015864
386,18,-0.008875637324974213,0.12344720437100795,0.0,0.0,-0.15976147184953585,2.222049678678143,0.0,0.0,0,1761138347.2955456
387,30,-0.023561144024909705,0.06370376829697219,-0.4,-0.0440074326581784,-0.7068343207472911,1.9111130489091657,-12.0,-1.320222979745352,2,1761138347.9294899
388,10,-0.011993896321673986,0.18906035031152105,0.0,0.0,-0.11993896321673986,1.8906035031152104,0.0,0.0,0,1761138348.1792448
389,27,-0.023597368363324957,0.01686742636581894,-1.1111111111111112,-0.0006616424566056962,-0.6371289458097739,0.45542051187711136,-30.0,-0.0178643463283538,5,1761138349.0639455
390,21,-0.011813403847810522,0.10472261239120154,0.0,0.0,-0.24808148080402095,2.199174860215232,0.0,0.0,0,1761138383.9250152
391,32,-0.017567267270992212,0.07267659174456659,-0.1875,-0.08472925436875788,-0.5621525526717508,2.325650935826131,-6.0,-2.711336139800252,1,1761138384.4891381
392,25,-0.007696055916321414,0.10198118242910503,0.0,0.0,-0.19240139790803534,2.549529560727626,0.0,0.0,0,1761138385.090365
393,7,-0.011236348965199153,0.2532005076559642,0.0,-0.1841431283950544,-0.07865444275639408,1.7724035535917495,0.0,-1.2890018987653808,0,1761138385.294194
394,21,-0.006097167224225198,0.03967746074975924,0.0,0.0,-0.12804051170872915,0.833226675744944,0.0,0.0,0,1761138386.491097
395,13,-0.005528927584916145,0.15904525345816162,0.0,0.0,-0.07187605860390989,2.067588294956101,0.0,0.0,0,1761138386.9001582
396,25,-0.0098852413553259,0.09712046899194238,-0.24,-0.04662480476360895,-0.2471310338831475,2.4280117247985595,-6.0,-1.1656201190902238,2,1761138387.6269352
397,20,-0.016703001794713204,0.10247460000344014,-0.3,-0.08757941769418628,-0.3340600358942641,2.0494920000688026,-6.0,-1.7515883538837256,1,1761138388.1704926
398,22,-0.015624380625223748,0.031595517982718625,0.0,-0.2881487109552919,-0.34373637375492244,0.6951013956198098,0.0,-6.339271641016421,0,1761138388.7274582
399,20,-0.012389327503179656,0.10649089497013375,0.0,0.0,-0.24778655006359313,2.129817899402675,0.0,0.0,0,1761138389.3282933
400,21,-0.0149072098092916,0.09974579851819126,0.0,0.0,-0.3130514059951236,2.0946617688820166,0.0,0.0,0,1761138389.9954078
401,13,-0.010009549261417599,0.1551346302709602,0.0,0.0,-0.1301241403984288,2.0167501935224825,0.0,0.0,0,1761138390.3893878
402,11,-0.011285772041040995,0.1721676247360903,0.0,-0.04029639486483731,-0.12414349245145094,1.8938438720969932,0.0,-0.4432603435132104,0,1761138390.840544
403,33,-0.02298307488500696,0.015558075823344321,0.0,-0.01937817732926415,-0.7584414712052296,0.5134165021703626,0.0,-0.639479851865717,0,1761138426.0954688
404,24,-0.05057283939082988,-0.03297853502730191,-1.5,-0.23154549939412905,-1.213748145379917,-0.7914848406552458,-36.0,-5.557091985459097,8,1761138426.759958
405,2,-0.03575142467654632,0.016800873478142603,0.0,0.0,-0.07150284935309265,0.033601746956285206,0.0,0.0,0,1761138426.8815627
406,26,-0.023658664288429894,0.01706684633102991,-0.9230769230769231,-0.2152507595372581,-0.6151252714991773,0.4437380046067776,-24.0,-5.596519747968711,5,1761138427.9268262
407,29,-0.022874149352128607,0.06835290946179175,-0.20689655172413793,-0.03573610289649568,-0.6633503312117296,1.9822343743919606,-6.0,-1.0363469839983748,1,1761138428.4654517
408,28,-0.01084045430412567,0.08532922120915377,0.0,-0.008708968224880145,-0.3035327205155188,2.3892181938563057,0.0,-0.24385111029664408,0,1761138429.023437
409,25,-0.008847285967422189,0.10080627223656352,0.0,0.0,-0.22118214918555473,2.520156805914088,0.0,0.0,0,1761138429.4521377
410,11,-0.0070603108947051565,0.17688854570211401,0.0,0.0,-0.07766341984175672,1.9457740027232542,0.0,0.0,0,1761138429.6866047
411,27,-0.013167099059969755,0.0900731862756315,0.0,0.0,-0.35551167461918337,2.4319760294420507,0.0,0.0,0,1761138430.262341
412,29,-0.018898060686038637,0.07490413388690875,-0.20689655172413793,-0.0770952480461739,-0.5480437598951204,2.172219882720354,-6.0,-2.2357621933390432,1,1761138430.7974296
413,20,-0.022875813720854184,0.01969719415675127,0.0,-0.0369437695310192,-0.45751627441708365,0.3939438831350254,0.0,-0.7388753906203841,0,1761138431.2360525
414,7,-0.01585512870462679,0.03531468256001109,0.0,-0.13891068521224925,-0.11098590093238753,0.24720277792007767,0.0,-0.9723747964857448,0,1761138431.4283826
415,16,-0.019249296917039457,0.024214953280489185,0.0,-0.10844806736857479,-0.3079887506726313,0.38743925248782696,0.0,-1.7351690778971967,0,1761138432.1564684
416,26,-0.011820104131002514,0.09166047190730708,-0.23076923076923078,-0.15902592951344469,-0.3073227074060654,2.383172269589984,-6.0,-4.134674167349562,1,1761138432.8166068
417,34,-0.017629356395494546,0.067946017690706,0.0,-0.0009678729599081205,-0.5993981174468146,2.3101646014840043,0.0,-0.032907680636876095,0,1761138467.0839117
418,5,-0.01569304453153244,0.3350925373746159,0.0,0.0,-0.07846522265766219,1.6754626868730795,0.0,0.0,0,1761138467.1926756
419,7,-0.009515803039458473,0.2527201365770528,0.0,0.0,-0.06661062127620931,1.7690409560393694,0.0,0.0,0,1761138467.6369925
420,16,-0.011476306313954092,0.13210450945475735,0.0,-0.05198894409185157,-0.18362090102326548,2.1136721512761176,0.0,-0.8318231054696251,0,1761138468.2155423
421,21,-0.005180739706087382,0.11467520013861454,0.0,0.0,-0.10879553382783502,2.4081792029109055,0.0,0.0,0,1761138468.7154784
422,14,-0.03341592550963847,0.0026300925156435484,0.0,-0.3354517775810621,-0.4678229571349386,0.036821295219009675,0.0,-4.696324886134869,0,1761138469.3793888
423,13,-0.025304745602323896,0.12425788071745142,0.0,-0.15503618676169584,-0.32896169283021065,1.6153524493268685,0.0,-2.015470427902046,0,1761138469.8555589
424,23,-0.008697883265773945,0.09848117248820623,0.0,0.0,-0.20005131511280072,2.2650669672287433,0.0,0.0,0,1761138470.5940435
425,18,-0.04023275054685543,-0.01408150197745777,0.0,0.0,-0.7241895098433977,-0.2534670355942399,0.0,0.0,0,1761138471.062512
426,29,-0.018033298960472666,0.07416999260523635,0.0,0.0,-0.5229656698537073,2.1509297855518543,0.0,0.0,0,1761138471.6663475
427,12,-0.014146004965929522,0.039226246646221534,0.0,0.0,-0.16975205959115428,0.4707149597546584,0.0,0.0,0,1761138472.0599902
428,10,-0.008434017079001632,0.18982210223144844,0.0,0.0,-0.08434017079001632,1.8982210223144844,0.0,0.0,0,1761138473.013511
429,32,-0.01574993494824913,0.0754680505843457,0.0,0.0,-0.5039979183439721,2.4149776186990626,0.0,0.0,0,1761138507.8748047
430,13,-0.010911679561240645,0.15291863972805955,0.0,0.0,-0.14185183429612838,1.9879423164647743,0.0,0.0,0,1761138508.267086
431,16,-0.009901114269584455,0.13035951857285355,0.0,-0.2850336085667422,-0.15841782831335127,2.085752297165657,0.0,-4.560537737067875,0,1761138508.716063
432,25,-0.006020194919671291,0.10183640176051076,0.0,-0.00509266958870073,-0.15050487299178228,2.545910044012769,0.0,-0.12731673971751825,0,1761138509.2121158
433,21,-0.018720463448376752,0.09525790783828744,-0.2857142857142857,-0.1527339464192967,-0.3931297324159118,2.0004160646040363,-6.0,-3.2074128748052306,1,1761138509.582129
434,6,-0.024337314725853692,0.02426911249354535,-1.0,-0.7324247245153148,-0.14602388835512214,0.1456146749612721,-6.0,-4.394548347091889,1,1761138509.763059
435,15,-0.012018770181052659,0.13151456590184213,0.0,0.0,-0.18028155271578988,1.972718488527632,0.0,0.0,0,1761138510.4451346
436,7,-0.014430278498472058,0.24176822607620044,0.0,-0.15541343655995837,-0.1010119494893044,1.692377582533403,0.0,-1.0878940559197086,0,1761138510.8912978
437,13,-0.007725789818336618,0.15820692562626137,0.0,0.0,-0.10043526763837604,2.0566900331413978,0.0,0.0,0,1761138511.5220141
438,11,-0.010204465287776398,0.17534537594654365,0.0,0.0,-0.11224911816554037,1.9287991354119802,0.0,0.0,0,1761138511.951158
439,45,-0.019115490601078138,0.05398027961244094,-0.6666666666666666,-0.10403425312786739,-0.8601970770485162,2.429112582559842,-30.0,-4.681541390754033,5,1761138513.0298593
440,20,-0.014419119851742093,0.10334016762749476,-0.9,-0.14596511787703553,-0.28838239703484186,2.0668033525498952,-18.0,-2.9193023575407104,3,1761138513.4898663
441,34,-0.01767903775702944,0.06617162961706245,-0.17647058823529413,-0.15386122459056845,-0.601087283739001,2.2498354069801234,-6.0,-5.231281636079327,1,1761138514.3894536
442,22,-0.0075148988229723,0.11086840342133719,0.0,-0.15444020452234675,-0.1653277741053906,2.439104875269418,0.0,-3.3976844994916284,0,1761138514.789649
443,10,-0.019021995406150745,0.16751626996035796,-0.6,-0.15380132107871064,-0.19021995406150743,1.6751626996035796,-6.0,-1.5380132107871063,1,1761138548.7575042
444,17,-0.007864568753674014,0.12462647583921616,0.0,0.0,-0.13369766881245823,2.1186500892666746,0.0,0.0,0,1761138549.5071874
445,12,-0.00761742552682376,0.16643890193025643,0.0,0.0,-0.09140910632188512,1.997266823163077,0.0,0.0,0,1761138549.903266
446,2,-0.021514799297550156,0.7771260650054193,0.0,-0.008809668851937855,-0.04302959859510031,1.5542521300108385,0.0,-0.01761933770387571,0,1761138550.2410817
447,28,-0.019033802022108522,0.07543914034339108,-0.21428571428571427,-0.10326422652476433,-0.5329464566190386,2.1122959296149504,-6.0,-2.8913983426934013,1,1761138551.0400825
448,7,-0.0065784623632578676,0.25572511042839624,0.0,0.0,-0.04604923654280507,1.7900757729987737,0.0,0.0,0,1761138551.2130387
449,3,-0.030002980203919574,0.017208124385835622,0.0,0.0,-0.09000894061175872,0.05162437315750687,0.0,0.0,0,1761138551.5096085
450,27,-0.023324883057722352,0.01637941007933844,-1.7777777777777777,-0.39213567274090466,-0.6297718425585035,0.4422440721421379,-48.0,-10.587663164004425,8,1761138552.6102977
451,15,-0.0095873789758061,0.13888903845254594,0.0,0.0,-0.14381068463709148,2.083335576788189,0.0,0.0,0,1761138553.0342758
452,3,-0.019638749368293865,0.53182606383167,0.0,-0.1940515996360672,-0.058916248104881594,1.59547819149501,0.0,-0.5821547989082015,0,1761138553.3300695
453,30,-0.011008380567996802,0.08428982139106767,0.0,0.0,-0.33025141703990407,2.52869464173203,0.0,0.0,0,1761138554.4572434
454,55,-0.017723501997364142,0.04268033495235544,-0.8727272727272727,-0.2724593823798345,-0.9747926098550278,2.347418422379549,-48.0,-14.985266030890898,8,1761138555.4437628
455,44,-0.023120732123455914,0.04865692699422359,0.0,-0.0027158526889179465,-1.0173122134320602,2.140904787745838,0.0,-0.11949751831238964,0,1761138590.4023736
456,6,-0.012479539401056006,0.28922558587547104,0.0,0.0,-0.07487723640633603,1.735353515252826,0.0,0.0,0,1761138590.5241616
457,17,-0.04069011020953766,-0.015093760738963579,-0.35294117647058826,-0.13195268737026672,-0.6917318735621402,-0.25659393256238083,-6.0,-2.243195685294534,1,1761138591.270915
458,6,-0.00812274870689251,0.28927065011756126,-2.0,-0.03548404617413672,-0.04873649224135507,1.7356239007053675,-12.0,-0.2129042770448203,2,1761138591.8243568
459,9,-0.006743601475704724,0.20897571302338794,0.0,0.0,-0.06069241328134251,1.8807814172104915,0.0,0.0,0,1761138592.4960623
460,8,-0.03780760073323079,-0.006301101957300673,0.0,0.0,-0.30246080586584634,-0.05040881565840538,0.0,0.0,0,1761138593.103707
461,12,-0.01769441544149562,0.1539326052252329,0.0,-0.23872225187052531,-0.21233298529794745,1.8471912627027947,0.0,-2.864667022446304,0,1761138593.6654441
462,14,-0.0402622139834549,-0.014522387152499063,0.0,0.0,-0.5636709957683685,-0.20331342013498688,0.0,0.0,0,1761138594.048713
463,23,-0.01127147800175123,0.03947250722383912,0.0,0.0,-0.2592439940402783,0.9078676661482997,0.0,0.0,0,1761138594.9898765
464,31,-0.010511455370344865,0.07909299657259512,0.0,-0.01738258763661807,-0.3258551164806908,2.4518828937504487,0.0,-0.5388602167351602,0,1761138595.517238
465,36,-0.0168868471942123,0.068985599803678,0.0,0.0,-0.6079264989916427,2.483481592932408,0.0,0.0,0,1761138596.2140427
466,21,-0.00895601874315242,0.10917646393740324,-0.8571428571428571,-0.1436292640443376,-0.18807639360620082,2.292705742685468,-18.0,-3.0162145449310898,3,1761138596.717891
467,9,-0.00831810210363921,0.044087453490468026,0.0,0.0,-0.07486291893275288,0.3967870814142122,0.0,0.0,0,1761138597.0366209
468,3,-0.022849537351879664,0.028854727376117162,0.0,0.0,-0.06854861205563899,0.08656418212835149,0.0,0.0,0,1761138597.6245623
469,10,-0.016362300837248035,0.035071454940918144,0.0,0.0,-0.16362300837248034,0.35071454940918145,0.0,0.0,0,1761138632.3500488
470,7,-0.01291615881193632,0.2519151241053733,0.0,0.0,-0.09041311168355425,1.763405868737613,0.0,0.0,0,1761138632.8603966
471,18,-0.01845210013375838,0.028868704569568637,0.0,-0.002862018047618804,-0.33213780240765084,0.5196366822522355,0.0,-0.051516324857138474,0,1761138633.6761677
472,43,-0.0273022686380587,0.04258072831904622,-0.27906976744186046,-0.07498885079164996,-1.1739975514365242,1.8309713177189875,-12.0,-3.2245205840409485,2,1761138634.6798947
473,13,-0.011882614397725897,0.1488752995382447,0.0,0.0,-0.15447398717043667,1.935378893997181,0.0,0.0,0,1761138634.925436
474,21,-0.01501423828657906,0.03296624313204016,0.0,0.0,-0.31529900401816024,0.6922911057728434,0.0,0.0,0,1761138635.5280342
475,5,-0.02711422930969325,0.017660394312016832,-1.2,-0.46240473594816783,-0.13557114654846625,0.08830197156008415,-6.0,-2.312023679740839,1,1761138635.8653655
476,19,-0.007159648575364887,0.12130185056698346,0.0,0.0,-0.13603332293193285,2.304735160772686,0.0,0.0,0,1761138636.485343
477,11,-0.010168581269108025,0.17385112405629835,0.0,0.0,-0.11185439396018829,1.912362364619282,0.0,0.0,0,1761138636.7506607
478,3,-0.013554982857484124,0.5321065750781604,0.0,0.0,-0.04066494857245237,1.5963197252344812,0.0,0.0,0,1761138637.0231733
479,45,-0.018156412603673202,0.053105276105601985,-0.13333333333333333,-0.08834671946615456,-0.8170385671652941,2.3897374247520893,-6.0,-3.9756023759769556,1,1761138638.4531295
480,21,-0.014443334858882849,0.10019081857230742,0.0,-0.05522165196063266,-0.30331003203653983,2.104007190018456,0.0,-1.159654691173286,0,1761138639.0072672
481,17,-0.026590822782504426,0.09628186239714041,0.0,-0.051899408519531426,-0.4520439873025752,1.636791660751387,0.0,-0.8822899448320343,0,1761138673.921582
482,17,-0.01056110410077557,0.12589934417547485,0.0,0.0,-0.1795387697131847,2.1402888509830724,0.0,0.0,0,1761138674.4971013
483,5,-0.009669019299140361,0.3376992754637388,0.0,-0.18700478983377064,-0.0483450964957018,1.688496377318694,0.0,-0.9350239491688532,0,1761138674.9432032
484,18,-0.015961459374774792,0.03246636783183672,-0.3333333333333333,-0.3182711851139145,-0.2873062687459463,0.5843946209730609,-6.0,-5.728881332050461,1,1761138675.7360208
485,28,-0.016562434514867375,0.07794890827638475,0.0,-0.008128132577029799,-0.46374816641628647,2.1825694317387727,0.0,-0.22758771215683435,0,1761138676.460925
486,37,-0.02748776160418536,0.04724610460942108,-0.4864864864864865,-0.10517621555310974,-1.0170471793548583,1.74810587054858,-18.0,-3.8915199754650605,3,1761138677.0781078
487,17,-0.016413524840439897,0.11499979670441991,-0.35294117647058826,-0.09286303601060009,-0.27902992228747825,1.9549965439751384,-6.0,-1.5786716121802014,1,1761138677.4618828
488,22,-0.017403917364863887,0.028930000426824608,-0.2727272727272727,-0.20734781636273295,-0.38288618202700553,0.6364600093901414,-6.0,-4.561651959980125,1,1761138678.1196692
489,21,-0.01029064889412401,0.04093773052936211,0.0,0.0,-0.21610362677660422,0.8596923411166043,0.0,0.0,0,1761138678.8501446
490,14,-0.00829339760953394,0.14911972127942238,0.0,0.0,-0.11610756653347515,2.0876760979119133,0.0,0.0,0,1761138679.1897957
491,12,-0.014397226306243792,0.1551584714258083,0.0,0.0,-0.1727667156749255,1.8619016571096996,0.0,0.0,0,1761138679.4603896
492,26,-0.013800942690810185,0.09107474434463073,0.0,-0.0804015919478908,-0.3588245099610648,2.367943352960399,0.0,-2.090441390645161,0,1761138680.1842785
493,27,-0.02601836803279047,0.06694283167906363,-0.2222222222222222,-0.07988657737519579,-0.7024959368853426,1.807456455334718,-6.0,-2.1569375891302864,1,1761138681.1497314
494,23,-0.01066452180878355,0.10215337176487767,0.0,-0.035572660456905304,-0.24528400160202166,2.349527550592186,0.0,-0.818171190508822,0,1761138715.7695599
495,10,-0.007479849601105047,0.18996370696697576,0.0,0.0,-0.07479849601105047,1.8996370696697575,0.0,0.0,0,1761138716.3053396
496,14,-0.007125644797493833,0.14782891681214674,0.0,0.0,-0.09975902716491365,2.0696048353700545,0.0,0.0,0,1761138716.813407
497,27,-0.013851747765290119,0.08391154263958274,0.0,0.0,-0.3739971896628332,2.265611651268734,0.0,0.0,0,1761138717.4654982
498,15,-0.013241719346588963,0.13412391031437376,-0.4,-0.03957676304610169,-0.19862579019883445,2.0118586547156063,-6.0,-0.5936514456915254,1,1761138717.9180315
499,23,-0.02185243290362032,0.08331623259637076,-2.608695652173913,-0.1541457885966415,-0.5026059567832674,1.9162733497165274,-60.0,-3.5453531377227545,10,1761138718.4600143
500,32,-0.026775560739781008,0.055696371924643134,0.0,-0.22345991353225328,-0.8568179436729922,1.7822839015885803,0.0,-7.150717233032105,0,1761138719.1260388
501,6,-0.025984020083252138,0.021227228799062803,0.0,0.0,-0.15590412049951283,0.12736337279437682,0.0,0.0,0,1761138719.5504186
502,29,-0.017587107833235697,0.07417437519753953,-1.0344827586206897,-0.061053176729919216,-0.5100261271638352,2.151056880728646,-30.0,-1.7705421251676572,5,1761138720.6284614
503,25,-0.017606046256576382,0.0862254359777324,0.0,-0.20715672003906493,-0.44015115641440955,2.15563589944331,0.0,-5.178918000976624,0,1761138721.1560953
504,25,-0.02028927135988634,0.07851866549829349,-0.24,-0.02657682916974474,-0.5072317839971585,1.9629666374573371,-6.0,-0.6644207292436185,1,1761138721.9754753
505,9,-0.009021113463594422,0.20708153392595824,0.0,0.0,-0.0811900211723498,1.863733805333624,0.0,0.0,0,1761138722.21842
506,20,-0.012194369233764272,0.10993705724055376,0.0,-0.13122200708698392,-0.24388738467528542,2.198741144811075,0.0,-2.6244401417396785,0,1761138722.7705722
507,12,-0.006997987568761084,0.16372753971782805,0.0,0.0,-0.08397585082513301,1.9647304766139366,0.0,0.0,0,1761138756.3854914
508,13,-0.022884465203031903,0.13420884329559635,-0.46153846153846156,-0.38944416222184075,-0.29749804763941473,1.7447149628427525,-6.0,-5.0627741088839295,1,1761138756.9923244
509,43,-0.02507144255783472,0.01171350839987734,-0.13953488372093023,-0.0414546549351114,-1.0780720299868929,0.5036808611947257,-6.0,-1.7825501622097901,1,1761138758.17635
510,37,-0.017397638602403735,0.06404749018800453,-0.32432432432432434,-0.08087995430827775,-0.6437126282889382,2.3697571369561676,-12.0,-2.992558309406277,2,1761138758.8891861
511,16,-0.009354597831975278,0.13382654259273197,-0.375,-0.08252272627865762,-0.14967356531160445,2.1412246814837115,-6.0,-1.3203636204585218,1,1761138759.266368
512,21,-0.01804396676585291,0.027342041986048688,0.0,-0.051830974361857,-0.37892330208291114,0.5741828817070225,0.0,-1.088450461598997,0,1761138759.815346
513,11,-0.029062402021374178,0.006759931695663746,0.0,0.0,-0.31968642223511595,0.0743592486523012,0.0,0.0,0,1761138760.0793884
514,45,-0.021421133622196668,0.049899719231468985,0.0,-0.14030701772011678,-0.96395101299885,2.2454873654161043,0.0,-6.313815797405255,0,1761138761.1526191
515,21,-0.0067344035295965506,0.11451350968226714,0.0,-0.04389910036190479,-0.14142247412152756,2.40478370332761,0.0,-0.9218811076000005,0,1761138761.6124437
516,27,-0.011894816107586696,0.08763812804131631,0.0,0.0,-0.3211600349048408,2.3662294571155402,0.0,0.0,0,1761138762.0803707
517,19,-0.01113791473576053,0.11265330917327225,0.0,-0.06801412110776482,-0.21162037997945007,2.140412874292173,0.0,-1.2922683010475315,0,1761138762.4476092
518,26,-0.015513017232565329,0.08459537582829503,-0.6923076923076923,-0.21139381769461643,-0.40333844804669855,2.1994797715356706,-18.0,-5.496239260060027,3,1761138763.2866478
519,28,-0.015724269834203827,0.08073103940165192,0.0,0.0,-0.44027955535770713,2.260469103246254,0.0,0.0,0,1761138797.6318474
520,7,-0.00789841190895788,0.25569116792003993,0.0,0.0,-0.05528888336270516,1.7898381754402797,0.0,0.0,0,1761138797.7911565
521,29,-0.0079080858164,0.09148573780839059,-0.20689655172413793,-0.04518324440692793,-0.2293344886756,2.653086396443327,-6.0,-1.31031408780091,1,1761138798.5830646
522,26,-0.024026967029930065,0.06935461701616334,0.0,-0.08085332335235931,-0.6247011427781817,1.803220042420247,0.0,-2.102186407161342,0,1761138799.09057
523,23,-0.00856932951438591,0.103472195800588,0.0,0.0,-0.19709457883087592,2.379860503413524,0.0,0.0,0,1761138799.6566987
524,10,-0.016573699908577263,0.03534460129307403,0.0,0.0,-0.16573699908577263,0.35344601293074024,0.0,0.0,0,1761138800.111738
525,17,-0.012597932582026048,0.11776961203759649,-0.35294117647058826,0.0,-0.2141648538944428,2.0020834046391403,-6.0,0.0,1,1761138801.0451777
526,46,-0.017145776751772777,0.05081039400428776,-0.2608695652173913,-0.06539457631044608,-0.7887057305815477,2.337278124197237,-12.0,-3.0081505102805197,3,1761138801.8395996
527,3,-0.00667919089618943,0.5367980499843018,0.0,0.0,-0.02003757268856829,1.6103941499529055,0.0,0.0,0,1761138801.9164739
528,18,-0.010640688106139842,0.11970841134695309,0.0,-0.015902547094520245,-0.19153238591051716,2.1547514042451557,0.0,-0.2862458477013644,0,1761138802.5991285
529,10,-0.008571528774023129,0.043793049555759925,0.0,-0.16559228370027007,-0.0857152877402313,0.4379304955575992,0.0,-1.6559228370027008,0,1761138803.3164992
530,9,-0.009764471246617031,0.045070850895276376,0.0,0.0,-0.08788024121955328,0.4056376580574874,0.0,0.0,0,1761138804.2074482
531,10,-0.02870763469368682,0.009810796147993994,-1.2,0.0,-0.2870763469368682,0.09810796147993994,-12.0,0.0,2,1761138804.568905
532,41,-0.01980369050327991,0.056781097002247226,0.0,-0.049906812694574296,-0.8119513106344762,2.328024977092136,0.0,-2.0461793204775462,0,1761138838.8320706
533,15,-0.015627591195169283,0.12362136041111654,-0.4,-0.07342772947707064,-0.23441386792753927,1.8543204061667482,-6.0,-1.1014159421560596,1,1761138839.2935255
534,17,-0.025074145374620885,0.0984439140486644,0.0,-0.0417617964880015,-0.42626047136855505,1.6735465388272948,0.0,-0.7099505402960254,0,1761138839.744092
535,38,-0.018234387228101,0.06065072473836176,-0.15789473684210525,-0.04992240804980727,-0.692906714667838,2.3047275400577467,-6.0,-1.8970515058926762,1,1761138840.516453
536,4,-0.00972998479252704,0.4110457133449826,0.0,0.0,-0.03891993917010816,1.6441828533799303,0.0,0.0,0,1761138840.615571
537,11,-0.03572679406491163,-0.005424695174118002,0.0,0.0,-0.39299473471402796,-0.05967164691529803,0.0,0.0,0,1761138841.3647535
538,26,-0.013867562845659142,0.08967508619089272,0.0,-0.013377137578438574,-0.36055663398713766,2.3315522409632106,0.0,-0.3478055770394029,0,1761138842.3444786
539,36,-0.01844477309215971,0.0650405194878472,0.0,-0.05552771617708152,-0.6640118313177497,2.341458701562499,0.0,-1.9989977823749348,0,1761138843.1666017
540,14,-0.010035916529879405,0.1445725788938354,0.0,0.0,-0.14050283141831166,2.0240161045136955,0.0,0.0,0,1761138843.5285752
541,38,-0.019822445041007192,0.05780756460929509,-0.15789473684210525,-0.11799324568722779,-0.7532529115582733,2.1966874551532136,-6.0,-4.483743336114656,1,1761138844.6310875
542,6,-0.014363792261542855,0.2830685479932206,-1.0,-0.3256429721569751,-0.08618275356925713,1.6984112879593236,-6.0,-1.9538578329418503,1,1761138844.803203
543,24,-0.008758748527215534,0.10068143538772105,-1.5,-0.02816330475432063,-0.2102099646531728,2.416354449305305,-36.0,-0.6759193141036951,6,1761138845.529725
544,5,-0.011490685643985366,0.3368625912250384,0.0,0.0,-0.05745342821992683,1.6843129561251922,0.0,0.0,0,1761138845.7301204
545,17,-0.009014537220460488,0.12792626048820135,0.0,-0.0800144344546214,-0.1532471327478283,2.174746428299423,0.0,-1.360245385728564,0,1761138882.1755276
546,11,-0.011279393245332293,0.17252542601547338,-0.5454545454545454,-0.1635509554460698,-0.12407332569865523,1.8977796861702072,-6.0,-1.7990605099067678,1,1761138882.740992
547,23,-0.0291121521195026,0.008723669663417411,0.0,-0.09940547095212048,-0.6695794987485598,0.20064440225860045,0.0,-2.286325831898771,0,1761138883.3064613
548,19,-0.013443246316171454,0.112299518857132,0.0,-0.0351020564086168,-0.2554216800072576,2.133690858285508,0.0,-0.6669390717637191,0,1761138884.073826
549,4,-0.008494571894385473,0.4124086938834014,0.0,0.0,-0.03397828757754189,1.6496347755336056,0.0,0.0,0,1761138884.3946474
550,10,-0.02908331260192145,0.16107725825023128,0.0,0.0,-0.2908331260192145,1.610772582502313,0.0,0.0,0,1761138884.9160979
551,36,-0.02309790515536332,0.05413828855384728,0.0,0.0,-0.8315245855930795,1.948978387938502,0.0,0.0,0,1761138885.754431
552,11,-0.015284598562742573,0.03392110749440842,-2.727272727272727,-0.025991805976531848,-0.1681305841901683,0.37313218243849267,-30.0,-0.28590986574185034,5,1761138885.976911
553,21,-0.016127066519913122,0.10384943240705789,0.0,-0.020598134872931453,-0.3386683969181756,2.1808380805482157,0.0,-0.4325608323315605,0,1761138886.846108
554,28,-0.014882766988246745,0.08689305629386558,0.0,0.0,-0.4167174756709089,2.4330055762282363,0.0,0.0,0,1761138887.3961627
555,30,-0.01242188935321571,0.08362015686521028,-0.2,-0.049415459793475135,-0.37265668059647133,2.5086047059563086,-6.0,-1.482463793804254,2,1761138888.009893
556,21,-0.01062077966714956,0.10878756941955309,0.0,0.0,-0.22303637301014076,2.284538957810615,0.0,0.0,0,1761138888.3871894
557,3,-0.02845103735534642,0.022333334409310495,0.0,0.0,-0.08535311206603927,0.06700000322793148,0.0,0.0,0,1761138888.4670987
558,37,-0.021422868639362214,0.05907248508959389,0.0,-0.09228576200374834,-0.7926461396564018,2.185681948314974,0.0,-3.4145731941386885,0,1761138924.4939756
559,25,-0.012113042269597451,0.09258715028159871,-1.44,-0.4032653063264568,-0.3028260567399363,2.314678757039968,-36.0,-10.08163265816142,6,1761138925.1788402
560,9,-0.02487524433046957,0.014582473874998657,0.0,0.0,-0.22387719897422612,0.1312422648749879,0.0,0.0,0,1761138925.6954386
561,22,-0.00833306500651989,0.10844971008623427,0.0,0.0,-0.18332743014343758,2.385893621897154,0.0,0.0,0,1761138926.2562742
562,18,-0.010068260892774013,0.12276868562904378,-1.0,-0.00966267226786169,-0.18122869606993225,2.209836341322788,-18.0,-0.17392810082151042,3,1761138926.693007
563,19,-0.010696896348339412,0.11575052117130383,0.0,-0.12535143095253498,-0.20324103061844884,2.1992599022547727,0.0,-2.3816771880981644,0,1761138927.105147
564,4,-0.017426002115317953,0.41204849834417073,0.0,-0.23426640322756523,-0.06970400846127181,1.648193993376683,0.0,-0.9370656129102609,0,1761138927.2679374
565,12,-0.008810130530385043,0.04454810262535779,0.0,0.0,-0.1057215663646205,0.5345772315042935,0.0,0.0,0,1761138927.7230742
566,29,-0.015785229891058284,0.07896286432485895,0.0,-0.05165081928379088,-0.45777166684069026,2.2899230654209095,0.0,-1.4978737592299356,0,1761138928.6078482
567,8,-0.033177718628294155,0.0017992921460353722,0.0,-0.006109868955727661,-0.26542174902635324,0.014394337168282978,0.0,-0.04887895164582129,0,1761138928.7786036
568,7,-0.006240791882145852,0.2575665213570513,0.0,0.0,-0.04368554317502096,1.8029656494993591,0.0,0.0,0,1761138929.2492583
569,34,-0.015580133434159375,0.0655580478730996,0.0,0.0,-0.5297245367614187,2.2289736276853866,0.0,0.0,0,1761138930.038712
570,35,-0.019685667260099033,0.06428237306125763,-0.5142857142857142,-0.02147436862462256,-0.6889983541034662,2.249883057144017,-18.0,-0.7516029018617896,3,1761138930.6769204
571,30,-0.01035122681750934,0.08511263788221915,-0.4,-0.05420465796360997,-0.3105368045252802,2.5533791364665746,-12.0,-1.6261397389082992,2,1761138966.2214994
572,19,-0.02392743976641732,0.017928692787508634,-0.3157894736842105,-0.21853943580929322,-0.45462135556192906,0.34064516296266406,-6.0,-4.152249280376571,1,1761138966.6063814
573,7,-0.00885557716988826,0.25064821678285765,0.0,0.0,-0.06198904018921782,1.7545375174800035,0.0,0.0,0,1761138966.7618816
574,35,-0.013576661011079865,0.06932894751074889,0.0,0.0,-0.4751831353877953,2.426513162876211,0.0,0.0,0,1761138967.8820193
575,43,-0.022804621319391604,0.04879986573043942,-0.13953488372093023,-0.1905219312024178,-0.980598716733839,2.098394226408895,-6.0,-8.192443041703966,1,1761138968.7598794
576,20,-0.010824439639245157,0.11181681692401287,0.0,-0.16908486645159188,-0.21648879278490313,2.2363363384802573,0.0,-3.3816973290318373,0,1761138969.4007454
577,28,-0.03206779256712933,0.0015116155800094708,-0.6428571428571429,-0.19832729767190832,-0.8978981918796212,0.042325236240265185,-18.0,-5.553164334813433,3,1761138970.2351687
578,26,-0.011461484107936666,0.09427729912283606,0.0,0.0,-0.2979985868063533,2.4512097771937373,0.0,0.0,0,1761138971.0148804
579,11,-0.006719504913860275,0.1793871405940854,0.0,0.0,-0.07391455405246303,1.9732585465349393,0.0,0.0,0,1761138971.3332837
580,26,-0.010857670362216505,0.0826630587620832,0.0,-0.04075021690450238,-0.28229942941762914,2.149239527814163,0.0,-1.059505639517062,0,1761138972.2190833
581,4,-0.005431462809960934,0.41477700360530445,0.0,0.0,-0.021725851239843736,1.6591080144212178,0.0,0.0,0,1761138972.3151796
582,6,-0.021743837498068536,0.024953038230903224,0.0,0.0,-0.13046302498841122,0.14971822938541934,0.0,0.0,0,1761138972.9344513
583,3,-0.011542434652101544,0.5335479897710608,0.0,0.0,-0.03462730395630463,1.6006439693131824,0.0,0.0,0,1761138973.4951913
584,25,-0.010374386512059224,0.09234169149070301,0.0,-0.002574841538266,-0.2593596628014806,2.308542287267575,0.0,-0.06437103845665,0,1761139007.6856668
585,10,-0.026556991425628118,0.015519565421303672,0.0,0.0,-0.2655699142562812,0.15519565421303672,0.0,0.0,0,1761139007.940074
586,10,-0.011406838377685354,0.18810765594811446,0.0,0.0,-0.11406838377685355,1.8810765594811447,0.0,0.0,0,1761139008.3269236
587,5,-0.01528508080315851,0.03858117861083308,0.0,0.0,-0.07642540401579255,0.1929058930541654,0.0,0.0,0,1761139008.6128013
588,17,-0.0046898215922096045,0.13356132552848063,0.0,0.0,-0.07972696706756328,2.2705425339841705,0.0,0.0,0,1761139009.377503
589,23,-0.025372818697600618,0.07397485258613781,-1.3043478260869565,-0.12532642568971467,-0.5835748300448143,1.7014216094811696,-30.0,-2.8825077908634373,6,1761139009.8677719
590,3,-0.017459453170865193,0.04102200014779861,0.0,0.0,-0.05237835951259558,0.12306600044339583,0.0,0.0,0,1761139009.9556231
591,8,-0.011665070768017902,0.2234027826190066,0.0,0.0,-0.09332056614414322,1.7872222609520527,0.0,0.0,0,1761139010.9884708
592,16,-0.013131065424179189,0.12657384522557888,0.0,-0.21793313352434457,-0.21009704678686703,2.025181523609262,0.0,-3.486930136389513,0,1761139011.4924471
593,19,-0.012388771526271821,0.11440414050259146,-0.3157894736842105,-0.12255629129817538,-0.2353866589991646,2.1736786695492376,-6.0,-2.3285695346653323,1,1761139011.9007428
594,31,-0.023454971821655072,0.016712596086953843,0.0,-0.06028390382641547,-0.7271041264713072,0.5180904786955691,0.0,-1.8688010186188795,0,1761139012.9313536
595,9,-0.00542417014665928,0.2098471568835574,0.0,-0.26074959336259357,-0.04881753131993352,1.8886244119520166,0.0,-2.346746340263342,0,1761139013.3297606
596,10,-0.0424678289289272,-0.016661563651845977,0.0,0.0,-0.424678289289272,-0.1666156365184598,0.0,0.0,0,1761139013.7377288
597,5,-0.013088885120106067,0.3403363406457449,0.0,0.0,-0.06544442560053033,1.7016817032287246,0.0,0.0,0,1761139013.9123466
598,5,-0.01047761701015404,0.33717673124569236,0.0,0.0,-0.0523880850507702,1.6858836562284618,0.0,0.0,0,1761139014.4616883
599,18,-0.007173864250954594,0.12430484487467543,0.0,0.0,-0.1291295565171827,2.2374872077441577,0.0,0.0,0,1761139014.9206576
600,18,-0.00959154862306397,0.12106576622044722,0.0,-0.05331050750092123,-0.17264787521515146,2.17918379196805,0.0,-0.9595891350165822,0,1761139049.0421317
601,4,-0.005969633520129634,0.41272988027162855,0.0,0.0,-0.023878534080518536,1.6509195210865142,0.0,0.0,0,1761139049.2828417
602,28,-0.015053605118909486,0.032199665072235054,-0.21428571428571427,-0.15416036045887663,-0.4215009433294656,0.9015906220225814,-6.0,-4.316490092848546,1,1761139050.3332534
603,28,-0.01601602649103456,0.08147080139752141,0.0,-0.0070740428589183835,-0.4484487417489677,2.2811824391305997,0.0,-0.19807320004971474,0,1761139051.013772
604,44,-0.017783066608133228,0.04943370354740953,-0.2727272727272727,-0.02007336061223676,-0.782454930757862,2.1750829560860194,-12.0,-0.8832278669384175,2,1761139052.2561738
605,30,-0.018631488706754528,0.07212715942365203,0.0,-0.019442156312218392,-0.5589446612026359,2.1638147827095606,0.0,-0.5832646893665517,0,1761139052.7968802
606,5,-0.010652677937160557,0.3383451033334892,0.0,0.0,-0.053263389685802784,1.691725516667446,0.0,0.0,0,1761139053.1395056
607,8,-0.009192910683474095,0.22510051300294423,0.0,0.0,-0.07354328546779276,1.8008041040235538,0.0,0.0,0,1761139053.6251712
608,34,-0.027125043199954155,0.05211560041551281,-0.17647058823529413,-0.09290181608794595,-0.9222514687984413,1.7719304141274355,-6.0,-3.1586617469901626,1,1761139054.7289338
609,9,-0.009105311219034486,0.20605989320561424,0.0,0.0,-0.08194780097131038,1.8545390388505283,0.0,0.0,0,1761139055.1466281
610,18,-0.00877343611922455,0.12302874802772545,0.0,0.0,-0.1579218501460419,2.214517464499058,0.0,0.0,0,1761139055.5745106
611,4,-0.012962188296856622,0.41221519390253036,0.0,0.0,-0.05184875318742649,1.6488607756101215,0.0,0.0,0,1761139055.8931973
612,33,-0.015759877799376786,0.06840367823277396,0.0,0.0,-0.520075967379434,2.2573213816815407,0.0,0.0,0,1761139090.3044438
613,1,-0.017222900452301487,0.05872763905829559,0.0,0.0,-0.017222900452301487,0.05872763905829559,0.0,0.0,0,1761139090.3619807
614,12,-0.01961572145834906,0.026375565387548743,-0.5,-0.10330657197991798,-0.23538865750018872,0.3165067846505849,-6.0,-1.2396788637590157,1,1761139091.4255571
615,22,-0.007031519019852045,0.11183386670722148,-0.5454545454545454,-0.07585181044662946,-0.154693418436745,2.4603450675588725,-12.0,-1.6687398298258482,2,1761139092.1030984
616,12,-0.012291412152778541,0.03692808973218399,0.0,0.0,-0.1474969458333425,0.4431370767862079,0.0,0.0,0,1761139092.6100078
617,18,-0.04763599262911997,-0.02786593547759843,0.0,0.0,-0.8574478673241596,-0.5015868385967718,0.0,0.0,0,1761139093.5987132
618,34,-0.024871316714654763,0.012577709322918459,0.0,-0.014665678653831964,-0.8456247682982619,0.4276421169792276,0.0,-0.4986330742302868,0,1761139094.2588937
619,24,-0.011924560235211693,0.09860810200774654,0.0,0.0,-0.28618944564508064,2.366594448185917,0.0,0.0,0,1761139094.8785672
620,41,-0.018512683225854722,0.025055632768028534,-0.2926829268292683,-0.08718381820898559,-0.7590200122600437,1.0272809434891699,-12.0,-3.5745365465684094,2,1761139095.7745183
621,9,-0.0436440782482646,-0.0184661196620381,0.0,0.0,-0.3927967042343814,-0.1661950769583429,0.0,0.0,0,1761139096.0995622
622,22,-0.013258413913620442,0.09772365011283242,0.0,0.0,-0.2916851060996497,2.1499203024823133,0.0,0.0,0,1761139096.9715025
623,15,-0.04113779372827571,-0.012089646585384316,0.0,0.0,-0.6170669059241356,-0.18134469878076476,0.0,0.0,0,1761139131.0344157
624,16,-0.011415427344827703,0.13080820248585534,0.0,-0.005473265384825191,-0.18264683751724325,2.0929312397736854,0.0,-0.08757224615720306,0,1761139131.6756926
625,25,-0.020871228795643383,0.07739148243174532,0.0,0.0,-0.5217807198910845,1.9347870607936328,0.0,0.0,0,1761139132.2021565
626,12,-0.024897753064732752,0.015323620644036029,0.0,-0.07057425653930494,-0.298773036776793,0.18388344772843235,0.0,-0.8468910784716592,0,1761139132.4351456
627,1,-0.039131669560414875,1.5,0.0,0.0,-0.039131669560414875,1.5,0.0,0.0,0,1761139132.8379595
628,2,-0.014473246411706232,0.04800444150617764,0.0,0.0,-0.028946492823412464,0.09600888301235529,0.0,0.0,0,1761139133.343387
629,25,-0.013730143072259605,0.09040563154805228,0.0,0.0,-0.3432535768064901,2.260140788701307,0.0,0.0,0,1761139134.2514524
630,11,-0.014854127020418712,0.03426254353566718,0.0,0.0,-0.16339539722460583,0.37688797889233894,0.0,0.0,0,1761139134.5694895
631,35,-0.01977726289499354,0.023673333787307852,0.0,-0.07607889015858996,-0.6922042013247739,0.8285666825557748,0.0,-2.6627611555506485,0,1761139135.6099968
632,25,-0.00855001881452221,0.10074222870322007,-0.48,-0.1203777816975089,-0.21375047036305522,2.518555717580502,-12.0,-3.0094445424377225,2,1761139136.1856215
633,32,-0.030534693558798977,0.05182339950474907,-0.1875,-0.21419911711643116,-0.9771101938815673,1.6583487841519702,-6.0,-6.854371747725797,1,1761139137.0054317
634,52,-0.02635937379366946,0.037749763250286714,0.0,-0.024879672498242897,-1.3706874372708118,1.9629876890149092,0.0,-1.2937429699086307,0,1761139138.0421088
635,10,-0.014457631955911288,0.03741409602056217,0.0,0.0,-0.14457631955911288,0.3741409602056217,0.0,0.0,0,1761139138.2869072
636,39,-0.020558141893525336,0.057616811875079624,0.0,-0.11545851821536914,-0.8017675338474881,2.2470556631281053,0.0,-4.502882210399396,0,1761139174.0722508
637,41,-0.01685364084065454,0.06167978498230526,0.0,0.0,-0.6909992744668361,2.5288711842745157,0.0,0.0,0,1761139175.006587
638,37,-0.02261999543391581,0.055376754623035714,0.0,-0.002439695114668454,-0.836939831054885,2.0489399210523214,0.0,-0.09026871924273279,0,1761139175.7569263
639,8,-0.028008976762562168,0.01182407412164417,0.0,0.0,-0.22407181410049734,0.09459259297315337,0.0,0.0,0,1761139175.964232
640,5,-0.021413813538955558,0.033104029144391825,0.0,-0.2995432959106093,-0.10706906769477778,0.1655201457219591,0.0,-1.4977164795530464,0,1761139176.4524982
641,23,-0.010706105536046092,0.03639257769521848,0.0,0.0,-0.2462404273290601,0.8370292869900251,0.0,0.0,0,1761139177.5809605
642,11,-0.01642290266400009,0.16716230910110566,0.0,0.0,-0.18065192930400098,1.8387854001121622,0.0,0.0,0,1761139177.8289623
643,18,-0.00911642855383077,0.12392170086712058,0.0,-0.012030510060692409,-0.16409571396895387,2.2305906156081705,0.0,-0.21654918109246335,0,1761139178.3917902
644,17,-0.00725127324062278,0.12999127470478336,-0.35294117647058826,-0.10952181426835199,-0.12327164509058726,2.209851669981317,-6.0,-1.8618708425619839,1,1761139178.948458
645,9,-0.0067805108967751515,0.20962330704399004,0.0,0.0,-0.06102459807097636,1.8866097633959105,0.0,0.0,0,1761139179.4040444
646,2,-0.016482076640108253,0.7829564038564868,0.0,0.0,-0.032964153280216506,1.5659128077129736,0.0,0.0,0,1761139180.1954186
647,1,-0.016580876613308027,1.5,0.0,0.0,-0.016580876613308027,1.5,0.0,0.0,0,1761139180.6334743
648,4,-0.006047601299587955,0.4118267812756024,0.0,0.0,-0.02419040519835182,1.6473071251024096,0.0,0.0,0,1761139214.9592028
649,31,-0.022412063863762897,0.06424578104395104,-0.7741935483870968,-0.17148993877244426,-0.6947739797766498,1.9916192123624823,-24.0,-5.316188101945772,4,1761139215.7370286
650,16,-0.007988667734554412,0.1361519532927502,0.0,-0.00021428234154166959,-0.1278186837528706,2.1784312526840033,0.0,-0.0034285174646667134,0,1761139216.0336485
651,4,-0.023095621412378153,0.027044227786243838,0.0,0.0,-0.09238248564951261,0.10817691114497535,0.0,0.0,0,1761139216.2901282
652,16,-0.011123511626406827,0.13130781554415652,0.0,0.0,-0.17797618602250923,2.1009250487065043,0.0,0.0,0,1761139216.935447
653,9,-0.03222453503641199,0.0028324132569544297,0.0,-0.14825881622297513,-0.2900208153277079,0.025491719312589867,0.0,-1.3343293460067762,0,1761139217.2381043
654,19,-0.006381386044438708,0.10455702635416697,-0.3157894736842105,-0.07411443953552659,-0.12124633484433546,1.9865835007291723,-6.0,-1.4081743511750051,1,1761139217.8538947
655,20,-0.015555137413276673,0.09658397252945926,-0.6,-0.06150130783457457,-0.31110274826553347,1.9316794505891852,-12.0,-1.2300261566914914,2,1761139218.701315
656,18,-0.007767140675547939,0.12473158991336906,0.0,-0.02977122477449489,-0.1398085321598629,2.245168618440643,0.0,-0.535882045940908,0,1761139219.108461
657,18,-0.008254088003229729,0.12366878156007931,0.0,0.0,-0.14857358405813512,2.2260380680814276,0.0,0.0,0,1761139219.7648664
658,16,-0.011020684047169788,0.13046601648366263,-0.375,-0.08860672489586359,-0.1763309447547166,2.087456263738602,-6.0,-1.4177075983338174,1,1761139220.1139722
659,30,-0.014307200406752598,0.07952662797766581,-0.2,-0.03388007544537322,-0.42921601220257793,2.3857988393299743,-6.0,-1.0164022633611967,1,1761139220.722367
660,30,-0.013950427905853326,0.07203776155608775,0.0,0.0,-0.4185128371755998,2.1611328466826327,0.0,0.0,0,1761139221.2700677
661,7,-0.007972061461246056,0.25038741358461303,0.0,-0.13768568367707665,-0.0558044302287224,1.752711895092291,0.0,-0.9637997857395366,0,1761139221.6275408
662,25,-0.01582055534007846,0.08787437675169275,-0.48,-0.10058597798160923,-0.3955138835019615,2.196859418792319,-12.0,-2.5146494495402307,2,1761139255.5861042
663,2,-0.03472492270141197,0.01851463392132411,0.0,0.0,-0.06944984540282394,0.03702926784264822,0.0,0.0,0,1761139255.7978203
664,11,-0.012999281215115815,0.17126156242868473,0.0,0.0,-0.14299209336627397,1.883877186715532,0.0,0.0,0,1761139256.644422
665,9,-0.005846540141394813,0.20768920069705382,0.0,0.0,-0.05261886127255332,1.8692028062734845,0.0,0.0,0,1761139257.0177522
666,10,-0.011400827148711472,0.18468050323675683,0.0,0.0,-0.11400827148711472,1.8468050323675684,0.0,0.0,0,1761139257.3227637
667,24,-0.00933533333845202,0.09932156183328318,-0.25,-0.06959069225699052,-0.22404800012284845,2.3837174839987965,-6.0,-1.6701766141677725,1,1761139258.2338886
668,25,-0.01940114837279008,0.07801199565902366,-0.24,-0.15878694572140697,-0.485028709319752,1.9502998914755914,-6.0,-3.9696736430351747,1,1761139258.85026
669,16,-0.011532341182056085,0.12914451667755678,0.0,0.0,-0.18451745891289736,2.0663122668409084,0.0,0.0,0,1761139259.4862034
670,19,-0.006650923680546707,0.12102161867411027,-0.3157894736842105,-0.06798719654789438,-0.12636754993038743,2.299410754808095,-6.0,-1.2917567344099932,1,1761139259.9898112
671,35,-0.021729957460208095,0.02144512874270653,0.0,-0.14389368060140884,-0.7605485111072833,0.7505795059947286,0.0,-5.036278821049309,0,1761139260.7765138
672,23,-0.009132357288221751,0.0993069749489809,0.0,0.0,-0.21004421762910028,2.2840604238265607,0.0,0.0,0,1761139261.264178
673,21,-0.03733687296207104,-0.006580799325198294,0.0,0.0,-0.7840743322034919,-0.13819678582916417,0.0,0.0,0,1761139262.0033436
674,49,-0.022079614084899196,0.014353011358996484,-0.3673469387755102,-0.03443874144824957,-1.0819010901600605,0.7032975565908277,-18.0,-1.6874983309642289,3,1761139296.5860267
675,25,-0.019782444254812875,0.0776845890853852,-0.48,-0.03442133356171401,-0.49456110637032186,1.94211472713463,-12.0,-0.8605333390428501,2,1761139297.0572338
676,13,-0.007468903242278817,0.15428667916868832,0.0,0.0,-0.09709574214962462,2.005726829192948,0.0,0.0,0,1761139297.3947933
677,31,-0.005245146871049984,0.08331242288267872,0.0,0.0,-0.1625995530025495,2.58268510936304,0.0,0.0,0,1761139298.2417476
678,52,-0.019597855312287485,0.04314458283598111,0.0,-0.00894065536811331,-1.0190884762389492,2.243518307471018,0.0,-0.4649140791418921,0,1761139299.0978537
679,14,-0.00569573428143792,0.14870895789837263,0.0,0.0,-0.07974027994013087,2.0819254105772167,0.0,0.0,0,1761139299.579961
680,25,-0.012880694437280347,0.09365060713123034,-0.48,-0.08756873205796754,-0.32201736093200867,2.3412651782807585,-12.0,-2.1892183014491886,2,1761139300.305565
681,22,-0.02106351490073043,0.08224477850762334,-1.0909090909090908,-0.21327437283350134,-0.46339732781606946,1.8093851271677135,-24.0,-4.69203620233703,4,1761139300.8128014
682,9,-0.02545715869738131,0.016366922022713074,0.0,0.0,-0.22911442827643178,0.14730229820441765,0.0,0.0,0,1761139301.3448331
683,47,-0.02188842703056415,0.04526638806731689,-0.3829787234042553,-0.20177072574789057,-1.028756070436515,2.127520239163894,-18.0,-9.483224110150857,3,1761139302.328379
684,13,-0.007462727846779751,0.1578858772417606,0.0,0.0,-0.09701546200813677,2.052516404142888,0.0,0.0,0,1761139302.6020916
685,6,-0.011079462533708414,0.2899961618035931,0.0,0.0,-0.06647677520225048,1.7399769708215587,0.0,0.0,0,1761139336.3086371
686,18,-0.023741028850025266,0.017965090558156212,0.0,0.0,-0.4273385193004548,0.3233716300468118,0.0,0.0,0,1761139337.4089487
687,16,-0.03425533659443625,-0.003959828500315871,-0.375,-0.1750275102230488,-0.54808538551098,-0.06335725600505393,-6.0,-2.800440163568781,1,1761139338.1136587
688,5,-0.03931403918142486,-0.003345764874935142,-1.2,-0.5127189763607939,-0.19657019590712432,-0.01672882437467571,-6.0,-2.5635948818039695,1,1761139338.3817759
689,37,-0.018448829148213566,0.06241351597144326,0.0,0.0,-0.682606678483902,2.3093000909434007,0.0,0.0,0,1761139339.4574955
690,6,-0.01686407145530514,0.2795470151848694,0.0,-0.00949545808991009,-0.10118442873183082,1.6772820911092163,0.0,-0.05697274853946054,0,1761139339.6333356
691,49,-0.0214189503620856,0.04871225676110686,-0.12244897959183673,-0.01189880392847164,-1.0495285677421944,2.386900581294236,-6.0,-0.5830413924951103,1,1761139340.891607
692,28,-0.00880374132013563,0.08876362752280875,0.0,-0.09451561748908673,-0.24650475696379764,2.485381570638645,0.0,-2.646437289694428,0,1761139341.7731104
693,16,-0.016338087275501872,0.1228972763277755,0.0,-0.00826637975639141,-0.26140939640802996,1.966356421244408,0.0,-0.13226207610226257,0,1761139342.1607628
694,10,-0.007279181540287738,0.19259666867285796,0.0,0.0,-0.07279181540287738,1.9259666867285796,0.0,0.0,0,1761139342.5644403
695,26,-0.012795304589526296,0.09125338513096042,0.0,-0.4815042314857898,-0.3326779193276837,2.372588013404971,0.0,-12.519110018630535,0,1761139343.3374496
696,20,-0.008766057482794676,0.11526148333854387,0.0,0.0,-0.17532114965589354,2.3052296667708774,0.0,0.0,0,1761139343.6436703
697,17,-0.019789372931272142,0.1107380959899011,0.0,0.0,-0.3364193398316264,1.8825476318283187,0.0,0.0,0,1761139377.6937
698,26,-0.01511515211212314,0.03055495900159807,0.0,-0.07954201039862248,-0.39299395491520167,0.7944289340415498,0.0,-2.0680922703641844,0,1761139378.3079233
699,7,-0.007068122262087961,0.25637794373151784,0.0,0.0,-0.04947685583461573,1.794645606120625,0.0,0.0,0,1761139378.7460144
700,13,-0.024826609562373383,0.01432165969948897,0.0,-0.11537131676852547,-0.32274592431085397,0.18618157609335662,0.0,-1.4998271179908311,0,1761139379.2749608
701,26,-0.01242366349070681,0.09149621367315258,-0.46153846153846156,-0.043997244137225375,-0.32301525075837706,2.378901555501967,-12.0,-1.1439283475678597,2,1761139380.108777
702,19,-0.008790760327616363,0.11982927745748576,0.0,0.0,-0.16702444622471088,2.2767562716922294,0.0,0.0,0,1761139380.5535436
703,12,-0.016960564984662828,0.15400330110018612,0.0,-0.036344436937356624,-0.20352677981595393,1.8480396132022334,0.0,-0.4361332432482795,0,1761139380.9844089
704,13,-0.018956307781158095,0.13573647920489373,0.0,0.0,-0.24643200115505523,1.7645742296636184,0.0,0.0,0,1761139381.3515723
705,40,-0.0207380958999641,0.05426846711857939,-0.15,-0.13473155784479568,-0.829523835998564,2.1707386847431756,-6.0,-5.389262313791828,1,1761139381.997307
706,14,-0.009680302571295598,0.14453260103476254,0.0,0.0,-0.13552423599813837,2.0234564144866756,0.0,0.0,0,1761139382.4436383
707,17,-0.009293870023557776,0.12726117112927118,0.0,-0.29080174310428714,-0.1579957904004822,2.16343990919761,0.0,-4.943629632772882,0,1761139382.8984735
708,4,-0.012131787797495778,0.4127549199943669,0.0,0.0,-0.04852715118998311,1.6510196799774677,0.0,0.0,0,1761139383.1139572
709,41,-0.01941364868679179,0.05317924290418319,-0.14634146341463414,-0.042203794535760765,-0.7959595961584633,2.1803489590715106,-6.0,-1.7303555759661913,1,1761139384.51972
710,31,-0.010980054040779966,0.0722202067826592,0.0,0.0,-0.34038167526417895,2.238826410262435,0.0,0.0,0,1761139418.8472738
711,10,-0.013409298417487656,0.18499379008636743,0.0,0.0,-0.13409298417487656,1.8499379008636743,0.0,0.0,0,1761139419.0382178
712,7,-0.029448417865611216,0.011732460557588293,0.0,-0.10331237778676772,-0.2061389250592785,0.08212722390311805,0.0,-0.723186644507374,0,1761139419.4930286
713,15,-0.012347269242911456,0.13274750048530196,0.0,-0.14865552510060487,-0.18520903864367183,1.9912125072795295,0.0,-2.229832876509073,0,1761139420.1005893
714,33,-0.011671997867208768,0.0748377537401832,-0.18181818181818182,-0.05591928129528758,-0.3851759296178894,2.4696458734260456,-6.0,-1.8453362827444901,1,1761139421.1626444
715,8,-0.004779016968070862,0.22738712799562372,0.0,0.0,-0.038232135744566895,1.8190970239649897,0.0,0.0,0,1761139421.3868256
716,19,-0.008354082289202943,0.11942209316098583,0.0,-0.09466329465108847,-0.15872756349485592,2.2690197700587307,0.0,-1.7986025983706808,0,1761139422.2292118
717,31,-0.02112181928127747,0.06705051588457495,0.0,-0.13274623555188914,-0.6547763977196016,2.078565992421823,0.0,-4.115133302108563,0,1761139423.1013489
718,12,-0.035209262682861224,-0.004743538824098725,0.0,0.0,-0.42251115219433466,-0.056922465889184704,0.0,0.0,0,1761139423.4595184
719,36,-0.021696998873715914,0.01876420464068413,-0.3333333333333333,-0.0604126299189367,-0.7810919594537729,0.6755113670646287,-12.0,-2.174854677081721,2,1761139424.4656045
720,15,-0.0185431986013442,0.0276403625392077,0.0,-0.12119907804823853,-0.278147979020163,0.4146054380881155,0.0,-1.8179861707235778,0,1761139424.9323492
721,38,-0.016833262988636428,0.0638762977922328,0.0,0.0,-0.6396639935681843,2.4272993161048464,0.0,0.0,0,1761139425.810376
722,8,-0.01848120722474611,0.029966569780993046,0.0,-0.18335776906183204,-0.14784965779796888,0.23973255824794437,0.0,-1.4668621524946563,0,1761139425.9763443
723,10,-0.008552298622061314,0.19244600081846794,0.0,0.0,-0.08552298622061313,1.9244600081846794,0.0,0.0,0,1761139459.0854814
724,13,-0.03758441350283066,-0.008070712041356813,-0.9230769230769231,-0.01629858482857384,-0.4885973755367986,-0.10491925653763856,-12.0,-0.2118816027714599,2,1761139459.859593
725,16,-0.011241380065864613,0.13172030992120495,0.0,0.0,-0.1798620810538338,2.1075249587392793,0.0,0.0,0,1761139460.3982167
726,15,-0.01813707794524914,0.12540902540941792,0.0,-0.12335473420173988,-0.2720561691787371,1.8811353811412688,0.0,-1.8503210130260983,0,1761139460.8759227
727,23,-0.012671109579146866,0.0957213218940242,0.0,0.0,-0.2914355203203779,2.2015904035625566,0.0,0.0,0,1761139461.5499814
728,1,-0.04917592450419922,1.5,-6.0,0.0,-0.04917592450419922,1.5,-6.0,0.0,1,1761139461.7189047
729,32,-0.013030792573715906,0.07764752379317873,0.0,-0.07213624099640469,-0.416985362358909,2.4847207613817193,0.0,-2.30835971188495,0,1761139462.9193242
730,38,-0.020454694808052093,0.06005433816273791,-0.15789473684210525,-0.03751357892844137,-0.7772784027059796,2.2820648501840406,-6.0,-1.4255159992807722,1,1761139463.6262722
731,24,-0.020238715311254634,0.08456953778096547,-0.5,-0.09656229324839137,-0.48572916747011124,2.0296689067431712,-12.0,-2.317495037961393,2,1761139464.0443177
732,42,-0.020368238953532486,0.051347616765231585,-0.14285714285714285,-0.045479311259273104,-0.8554660360483644,2.1565999041397266,-6.0,-1.9101310728894703,1,1761139464.9294431
733,7,-0.007125048814641109,0.25375447733655987,0.0,0.0,-0.049875341702487766,1.776281341355919,0.0,0.0,0,1761139465.0897639
734,11,-0.018562586196126527,0.027800376234270674,0.0,0.0,-0.2041884481573918,0.3058041385769774,0.0,0.0,0,1761139501.2243268
735,13,-0.01061290469525086,0.1520213014268612,0.0,0.0,-0.13796776103826117,1.9762769185491957,0.0,0.0,0,1761139501.8159711
736,56,-0.01989807737910224,0.045513461047395495,-0.10714285714285714,-0.0262637260414171,-1.1142923332297254,2.5487538186541476,-6.0,-1.4707686583193575,1,1761139503.077366
737,33,-0.018558193188344164,0.025068290757675922,-0.36363636363636365,-0.26316206150024407,-0.6124203752153574,0.8272535950033054,-12.0,-8.684348029508055,2,1761139503.6486251
738,33,-0.016615863295254236,0.06999706702649224,-0.18181818181818182,-0.1101228079838737,-0.5483234887433898,2.3099032118742437,-6.0,-3.634052663467832,1,1761139504.4164398
739,25,-0.010877100751605447,0.09844420358059384,0.0,-0.19707511691098423,-0.27192751879013616,2.461105089514846,0.0,-4.926877922774605,0,1761139504.8993695
740,8,-0.013239966519053284,0.21982817155897244,0.0,-0.5035130700546653,-0.10591973215242627,1.7586253724717795,0.0,-4.028104560437322,0,1761139505.2035346
741,3,-0.011971592021006979,0.04404161168566293,0.0,0.0,-0.03591477606302094,0.1321248350569888,0.0,0.0,0,1761139505.7202706
742,27,-0.01694364494747355,0.08295618337386032,0.0,0.0,-0.4574784135817858,2.2398169510942285,0.0,0.0,0,1761139506.8363404
743,11,-0.007186912107348829,0.17847472348145327,0.0,0.0,-0.07905603318083712,1.963221958295986,0.0,0.0,0,1761139507.2306361
744,25,-0.021304134130217922,0.08089602481815988,-0.24,-0.0863459735671848,-0.532603353255448,2.0224006204539973,-6.0,-2.15864933917962,1,1761139507.936608
745,38,-0.014699401379764892,0.06100237732352989,-0.15789473684210525,-0.08169834826419566,-0.5585772524310659,2.3180903382941356,-6.0,-3.104537234039435,1,1761139508.6945436
746,46,-0.018040412573711945,0.05432344130569384,-0.391304347826087,-0.14694780913959107,-0.8298589783907495,2.4988783000619166,-18.0,-6.759599220421189,3,1761139543.091966
747,18,-0.007254665956854032,0.1254176891946383,0.0,0.0,-0.13058398722337258,2.2575184055034896,0.0,0.0,0,1761139543.4454093
748,21,-0.011213874267103815,0.10925965167821307,-0.5714285714285714,-0.20021296367966288,-0.2354913596091801,2.2944526852424745,-12.0,-4.20447223727292,2,1761139543.9022171
749,7,-0.010818195163418861,0.24648027470695372,0.0,0.0,-0.07572736614393202,1.725361922948676,0.0,0.0,0,1761139544.4277666
750,26,-0.015013125436232051,0.08434192825179024,0.0,-0.2858645085671455,-0.39034126134203334,2.192890134546546,0.0,-7.432477222745783,0,1761139545.265753
751,12,-0.041712771542183315,-0.01591935990187457,0.0,-0.10867509358012499,-0.5005532585061998,-0.19103231882249483,0.0,-1.3041011229614998,0,1761139545.647467
752,14,-0.011359713849038047,0.1437009762152553,0.0,0.0,-0.15903599388653267,2.0118136670135742,0.0,0.0,0,1761139546.3686378
753,10,-0.008538917459034404,0.1902968148912383,0.0,0.0,-0.08538917459034405,1.9029681489123829,0.0,0.0,0,1761139546.8067038
754,22,-0.005213978122487853,0.11291661789281388,0.0,0.0,-0.11470751869473277,2.4841655936419054,0.0,0.0,0,1761139547.349279
755,11,-0.045036817369841456,-0.02234999824118502,-1.0909090909090908,0.0,-0.49540499106825603,-0.2458499806530352,-12.0,0.0,2,1761139547.590989
756,11,-0.01184442189964805,0.036985010985660316,0.0,-0.2641904690425372,-0.13028864089612854,0.4068351208422635,0.0,-2.9060951594679088,0,1761139547.9866304
757,4,-0.033183452246739784,0.0050628631103253885,0.0,0.0,-0.13273380898695913,0.020251452441301554,0.0,0.0,0,1761139548.6102257
758,12,-0.008589719218205064,0.16527350567666413,-0.5,-0.04739881843701707,-0.10307663061846077,1.9832820681199694,-6.0,-0.5687858212442048,1,1761139549.3673487
759,23,-0.0068732804151234545,0.09742488102350005,0.0,0.0,-0.15808544954783946,2.240772263540501,0.0,0.0,0,1761139582.8721013
760,46,-0.020013959262514428,0.05232414321179983,-0.13043478260869565,-0.07388445850600307,-0.9206421260756636,2.406910587742792,-6.0,-3.3986850912761413,1,1761139583.7340858
761,22,-0.011516609755830232,0.10130343959084252,0.0,0.0,-0.2533654146282651,2.2286756709985354,0.0,0.0,0,1761139584.1792624
762,22,-0.01308197785244956,0.10112692402049625,0.0,-0.01692735193748761,-0.2878035127538903,2.2247923284509175,0.0,-0.37240174262472736,0,1761139584.7906058
763,1,-0.04000934785850781,1.5,0.0,0.0,-0.04000934785850781,1.5,0.0,0.0,0,1761139585.2035096
764,13,-0.0427540390775268,-0.01811769753520035,0.0,0.0,-0.5558025080078484,-0.23553006795760456,0.0,0.0,0,1761139586.0817611
765,22,-0.017661604171015765,0.09238320097479068,-0.2727272727272727,-0.10874377385073913,-0.3885552917623468,2.0324304214453948,-6.0,-2.392363024716261,1,1761139586.8192313
766,25,-0.011586780989510026,0.0960505734368345,-0.24,-0.04349610516696607,-0.28966952473775065,2.4012643359208625,-6.0,-1.0874026291741519,1,1761139587.3664026
767,26,-0.018324338363556434,0.0810908172938712,0.0,-0.11852845568788073,-0.47643279745246725,2.108361249640651,0.0,-3.081739847884899,0,1761139587.8664656
768,42,-0.02499478012141357,0.013879774908364688,0.0,-0.054466755803311805,-1.04978076509937,0.5829505461513169,0.0,-2.287603743739096,0,1761139589.0275085
769,3,-0.026876790835879044,0.526683724993719,0.0,0.0,-0.08063037250763713,1.5800511749811568,0.0,0.0,0,1761139589.1101458
770,31,-0.015003926405008894,0.07507367150804664,-0.1935483870967742,-0.17920775223832242,-0.4651217185552757,2.327283816749446,-6.0,-5.555440319387995,1,1761139590.0294876
771,12,-0.0075693136794083545,0.16707045089581996,0.0,0.0,-0.09083176415290026,2.0048454107498395,0.0,0.0,0,1761139623.6687582
772,23,-0.005595657242461068,0.10787022421113625,0.0,0.0,-0.12870011657660457,2.4810151568561336,0.0,0.0,0,1761139624.3353508
773,18,-0.016494318239894917,0.11111022514904513,-1.3333333333333333,-0.15255498875676868,-0.2968977283181085,1.9999840526828123,-24.0,-2.7459897976218364,4,1761139624.8326712
774,37,-0.021012374191880786,0.05863817601259077,0.0,-0.050891495847128716,-0.777457845099589,2.1696125124658585,0.0,-1.8829853463437625,0,1761139625.7790456
775,22,-0.030906166963528377,0.001579810338124841,0.0,0.0,-0.6799356731976243,0.0347558274387465,0.0,0.0,0,1761139626.2765827
776,22,-0.014439734276391426,0.09858673073097109,0.0,0.0,-0.3176741540806114,2.168908076081364,0.0,0.0,0,1761139627.1539922
777,20,-0.013500215145157798,0.11013010368898066,-0.3,-0.06708897895498592,-0.27000430290315597,2.2026020737796133,-6.0,-1.3417795790997185,1,1761139627.6650503
778,24,-0.010589033974554444,0.09887858360275492,-0.5,-0.09065630958852888,-0.25413681538930666,2.373086006466118,-12.0,-2.175751430124693,2,1761139628.3183784
779,28,-0.013218212124208265,0.08505985439235568,0.0,0.0,-0.37010993947783144,2.381675922985959,0.0,0.0,0,1761139629.1862607
780,18,-0.016437001610816366,0.10949785736961312,-0.3333333333333333,-0.22675538557198893,-0.2958660289946946,1.9709614326530362,-6.0,-4.081596940295801,1,1761139629.5952625
781,44,-0.021839033045028204,0.050506201025498874,-0.2727272727272727,-0.104326802786811,-0.960917453981241,2.2222728451219504,-12.0,-4.590379322619684,2,1761139630.4673665
782,13,-0.04382580239633212,-0.01907869518577976,0.0,-0.08669519382131151,-0.5697354311523175,-0.24802303741513687,0.0,-1.1270375196770497,0,1761139630.7337494
783,35,-0.023077474196205282,0.05714102007746204,0.0,-0.02921897851189831,-0.8077115968671849,1.9999357027111713,0.0,-1.022664247916441,0,1761139664.1104789
784,32,-0.013358999891967014,0.07734030723658745,-0.5625,-0.048146394933763305,-0.42748799654294445,2.4748898315707986,-18.0,-1.5406846378804258,3,1761139665.0695212
785,10,-0.03809634028478634,-0.008435053680004967,0.0,-0.1358232111401722,-0.3809634028478634,-0.08435053680004967,0.0,-1.358232111401722,0,1761139665.4692469
786,48,-0.007188044734780949,0.05360534197470893,-0.25,-0.15371426705625163,-0.34502614726948555,2.573056414786029,-12.0,-7.378284818700078,2,1761139666.9084
787,29,-0.024671358219153554,0.06458478941396452,0.0,0.0,-0.715469388355453,1.872958893004971,0.0,0.0,0,1761139667.3739853
788,17,-0.017787736288194973,0.11130472757064191,0.0,0.0,-0.30239151689931454,1.8921803687009124,0.0,0.0,0,1761139667.741789
789,15,-0.0062758966066723465,0.14194186060297684,0.0,0.0,-0.0941384491000852,2.1291279090446524,0.0,0.0,0,1761139668.2056274
790,12,-0.006288018472724759,0.16592968166073838,0.0,0.0,-0.07545622167269711,1.9911561799288606,0.0,0.0,0,1761139668.449643
791,45,-0.02268407686948446,0.049589832517840216,0.0,-0.014176680831726091,-1.0207834591268008,2.2315424633028096,0.0,-0.6379506374276741,0,1761139669.9659295
792,24,-0.04322903441285452,-0.020932307168778103,0.0,-0.032194111881525274,-1.0374968259085084,-0.5023753720506745,0.0,-0.7726586851566065,0,1761139670.503976
793,20,-0.03045463191359114,0.0030675815885806146,0.0,0.0,-0.6090926382718228,0.06135163177161229,0.0,0.0,0,1761139671.0486403
794,27,-0.01594723236520265,0.08311985706954603,-0.4444444444444444,-0.13077410455388547,-0.43057527386047156,2.2442361408777427,-12.0,-3.5309008229549077,2,1761139704.453827
795,18,-0.009472019773985178,0.12352224818084077,0.0,-0.0758278838098735,-0.1704963559317332,2.223400467255134,0.0,-1.364901908577723,0,1761139704.7900403
796,3,-0.009479622227038935,0.5354529463621817,0.0,0.0,-0.028438866681116805,1.606358839086545,0.0,0.0,0,1761139705.1482463
797,8,-0.007571013345449808,0.22906625783260665,0.0,0.0,-0.060568106763598466,1.8325300626608532,0.0,0.0,0,1761139705.953773
798,25,-0.009493585366437532,0.09530694604840834,0.0,-0.09911808119502867,-0.23733963416093828,2.3826736512102085,0.0,-2.4779520298757167,0,1761139706.801183
799,18,-0.01084739398467447,0.11892635196717537,0.0,0.0,-0.19525309172414046,2.1406743354091566,0.0,0.0,0,1761139707.1908295
800,41,-0.018240268975464793,0.02271643684285571,0.0,-0.0977915284307085,-0.7478510279940564,0.9313739105570841,0.0,-4.009452665659048,0,1761139708.095835
801,13,-0.007718381379616363,0.15716255150785927,0.0,0.0,-0.10033895793501273,2.0431131696021705,0.0,0.0,0,1761139708.3669505
802,10,-0.045903184763362234,-0.021400835016146934,0.0,0.0,-0.4590318476336223,-0.21400835016146935,0.0,0.0,0,1761139709.0553412
803,35,-0.01745983893728933,0.0659571001940908,-1.2,-0.04636051472140925,-0.6110943628051266,2.3084985067931783,-42.0,-1.6226180152493237,7,1761139710.2569551
804,16,-0.02085770153883493,0.11858822348508719,0.0,0.0,-0.3337232246213589,1.897411575761395,0.0,0.0,0,1761139710.713791
805,20,-0.008298978691520145,0.11350524157944748,-0.3,-0.07171579029497505,-0.1659795738304029,2.2701048315889496,-6.0,-1.434315805899501,1,1761139711.2388194
806,7,-0.041358975246052775,-0.010664335935561011,-3.4285714285714284,-0.3298682941775371,-0.28951282672236944,-0.07465035154892707,-24.0,-2.3090780592427596,4,1761139745.2979643
807,23,-0.007779603501843508,0.10498620800570384,0.0,0.0,-0.1789308805424007,2.4146827841311884,0.0,0.0,0,1761139746.1049495
808,21,-0.0192878921877195,0.09193239486867923,0.0,-0.044056182163260495,-0.4050457359421095,1.9305802922422637,0.0,-0.9251798254284703,0,1761139746.457127
809,13,-0.011613816132678563,0.15262122631441602,-0.46153846153846156,-0.09207758722738603,-0.15097960972482133,1.9840759420874083,-6.0,-1.1970086339560184,1,1761139746.7590692
810,15,-0.01114730644832379,0.13701337411062292,0.0,0.0,-0.16720959672485686,2.0552006116593438,0.0,0.0,0,1761139747.0531533
811,21,-0.015099016846566227,0.09346781680162948,-0.2857142857142857,-0.07136131914635384,-0.31707935377789076,1.9628241528342192,-6.0,-1.4985877020734306,1,1761139747.7417777
812,35,-0.02549082138055018,0.04939254411955684,-0.17142857142857143,-0.13000885322054948,-0.8921787483192563,1.7287390441844894,-6.0,-4.5503098627192315,1,1761139748.493785
813,26,-0.008691609746765113,0.09632535626893553,0.0,-0.05017449905332691,-0.22598185341589294,2.5044592629923237,0.0,-1.3045369753864997,0,1761139749.0552132
814,4,-0.008910265857288845,0.41383849908550635,0.0,0.0,-0.03564106342915538,1.6553539963420254,0.0,0.0,0,1761139749.490824
815,6,-0.004983121561096945,0.29120332169395713,0.0,0.0,-0.02989872936658167,1.7472199301637428,0.0,0.0,0,1761139749.838666
816,16,-0.025891484549205535,0.012017405455788659,-0.375,-0.318989750314709,-0.41426375278728855,0.19227848729261854,-6.0,-5.103836005035344,1,1761139750.4619496
817,17,-0.04415626616428224,-0.017947774643089113,-0.35294117647058826,-0.1635651429313985,-0.7506565247927981,-0.3051121689325149,-6.0,-2.7806074298337746,1,1761139751.2038581
818,10,-0.03471705685087538,-0.0018757814692747065,0.0,0.0,-0.3471705685087538,-0.018757814692747066,0.0,0.0,0,1761139751.8407722
819,41,-0.016594116575647716,0.05296952721813924,-0.2926829268292683,-0.13184201974206303,-0.6803587796015563,2.1717506159437088,-12.0,-5.405522809424584,2,1761139786.4498134
820,37,-0.019125938775407293,0.06201853528112425,0.0,-0.005244624367780145,-0.7076597346900698,2.2946858054015973,0.0,-0.19405110160786535,0,1761139787.0371566
821,6,-0.011170352951522827,0.28973174695959186,0.0,0.0,-0.06702211770913696,1.738390481757551,0.0,0.0,0,1761139787.206162
822,27,-0.015390694323876257,0.07926302774386701,0.0,0.0,-0.41554874674465897,2.140101749084409,0.0,0.0,0,1761139788.1364279
823,9,-0.0040301757562680555,0.20914608615564967,0.0,0.0,-0.036271581806412496,1.8823147754008471,0.0,0.0,0,1761139788.364611
824,22,-0.010704274666548524,0.10350900779441034,0.0,0.0,-0.23549404266406754,2.2771981714770275,0.0,0.0,0,1761139789.0247834
825,3,-0.011812323380947889,0.5331777618422937,0.0,0.0,-0.035436970142843666,1.5995332855268811,0.0,0.0,0,1761139789.5408304
826,24,-0.011033599688499858,0.0964672273249025,0.0,0.0,-0.26480639252399657,2.31521345579766,0.0,0.0,0,1761139790.653482
827,31,-0.01170882404524185,0.08042918965029947,0.0,-0.1867481339274625,-0.3629735454024973,2.4933048791592833,0.0,-5.789192151751338,0,1761139791.2092326
828,35,-0.017437394833831422,0.06809273191923754,-0.17142857142857143,-0.09514300035671197,-0.6103088191840997,2.383245617173314,-6.0,-3.3300050124849188,1,1761139792.0931466
829,40,-0.018561998705013644,0.05836149803742837,0.0,-0.03422965323267718,-0.7424799482005457,2.334459921497135,0.0,-1.3691861293070873,0,1761139792.8168874
830,19,-0.009954709781047361,0.11455529136902895,0.0,-0.0562799114586233,-0.18913948583989987,2.17655053601155,0.0,-1.0693183177138428,0,1761139826.0902154
831,10,-0.014137535080179337,0.179608962166613,0.0,-0.17423849691095528,-0.14137535080179336,1.7960896216661302,0.0,-1.7423849691095528,0,1761139826.420347
832,12,-0.018442955308587815,0.028884949365286825,0.0,0.0,-0.22131546370305377,0.3466193923834419,0.0,0.0,0,1761139826.9055524
833,6,-0.0072668539313390165,0.292917991394136,0.0,0.0,-0.0436011235880341,1.757507948364816,0.0,0.0,0,1761139827.1777213
834,21,-0.007020306355287753,0.1105509387622364,0.0,-0.32007858342382595,-0.1474264334610428,2.3215697140069644,0.0,-6.721650251900345,0,1761139827.7987533
835,9,-0.03385364548377337,0.0002626990849596216,0.0,0.0,-0.30468280935396036,0.0023642917646365946,0.0,0.0,0,1761139828.023425
836,27,-0.02347324399133695,0.06981282739542,0.0,-0.1190312408229235,-0.6337775877660977,1.88494633967634,0.0,-3.2138435022189347,0,1761139829.1369436
837,11,-0.03750956269469503,-0.0056073395556848205,0.0,0.0,-0.4126051896416453,-0.061680735112533025,0.0,0.0,0,1761139829.609558
838,23,-0.014561117798429286,0.09668972340706895,0.0,0.0,-0.3349057093638736,2.223863638362586,0.0,0.0,0,1761139830.5062106
839,10,-0.03019351654285369,0.006350723580033584,0.0,-0.18954082915973341,-0.3019351654285369,0.06350723580033583,0.0,-1.8954082915973343,0,1761139831.0122032
840,7,-0.0053487191075605916,0.25783437923260105,0.0,0.0,-0.03744103375292414,1.8048406546282072,0.0,0.0,0,1761139831.327647
841,24,-0.017375629596640265,0.08736144893917762,0.0,0.0,-0.41701511031936633,2.0966747745402627,0.0,0.0,0,1761139832.0310721
842,9,-0.006459573637612629,0.20792448566085542,0.0,0.0,-0.05813616273851366,1.8713203709476987,0.0,0.0,0,1761139832.231779
843,38,-0.018320877068439774,0.05994702862678582,0.0,-0.00646731901818611,-0.6961933286007114,2.277987087817861,0.0,-0.24575812269107217,0,1761139833.0489273
844,29,-0.01937333479232184,0.07183212355304795,0.0,-0.10038094433510154,-0.5618267089773333,2.0831315830383907,0.0,-2.9110473857179446,0,1761139867.0738325
845,16,-0.01482220144364229,0.12563425246140225,-1.125,-0.036879067564575076,-0.23715522309827664,2.010148039382436,-18.0,-0.5900650810332012,3,1761139867.7279255
846,40,-0.01670121169339205,0.06070257265079422,0.0,-0.10716292266769696,-0.6680484677356819,2.4281029060317687,0.0,-4.286516906707878,0,1761139868.6604407
847,5,-0.01577003955734329,0.330782376604674,-2.4,-0.14658614780261156,-0.07885019778671645,1.65391188302337,-12.0,-0.7329307390130578,2,1761139868.771977
848,23,-0.011871474580416097,0.10053421730276983,-0.5217391304347826,0.0,-0.27304391534957023,2.312286997963706,-12.0,0.0,2,1761139869.6572678
849,31,-0.01061259749297098,0.08019700530380942,0.0,0.0,-0.32899052228210035,2.486107164418092,0.0,0.0,0,1761139870.2267468
850,3,-0.011898393503335441,0.5314717870923833,0.0,0.0,-0.03569518051000632,1.59441536127715,0.0,0.0,0,1761139870.5052693
851,17,-0.027603436530002814,0.009936553597726643,-1.411764705882353,0.0,-0.46925842101004783,0.16892141116135292,-24.0,0.0,4,1761139871.3148947
852,4,-0.01228846621859566,0.41106124461876475,0.0,0.0,-0.04915386487438264,1.644244978475059,0.0,0.0,0,1761139871.9289732
853,10,-0.045204055545698764,-0.021625196831936987,0.0,-0.2811359586934024,-0.4520405554569876,-0.21625196831936988,0.0,-2.811359586934024,0,1761139872.5937846
854,27,-0.01635570465920145,0.08095035749680421,-0.4444444444444444,-0.3351237377546241,-0.4416040257984391,2.1856596524137135,-12.0,-9.048340919374851,2,1761139873.401425
855,6,-0.039678235739226075,-0.0055341533347930865,0.0,0.0,-0.23806941443535645,-0.03320492000875852,0.0,0.0,0,1761139873.5594244
856,30,-0.025530350090777632,0.059184378745538196,0.0,0.0,-0.765910502723329,1.775531362366146,0.0,0.0,0,1761139907.5968235
857,18,-0.027073232559736177,0.011463434430297873,0.0,0.0,-0.4873181860752512,0.20634181974536173,0.0,0.0,0,1761139907.9451873
858,12,-0.036906441678876405,-0.006662915415029391,0.0,0.0,-0.44287730014651683,-0.0799549849803527,0.0,0.0,0,1761139908.5184052
859,31,-0.01805598808976798,0.06743515588511577,-0.5806451612903226,-0.09642203594927874,-0.5597356307828074,2.090489832438589,-18.0,-2.989083114427641,3,1761139909.2048404
860,23,-0.009915730155043134,0.10477592158906503,0.0,-0.14365313787411252,-0.22806179356599207,2.4098461965484956,0.0,-3.304022171104588,0,1761139909.7627301
861,15,-0.014520183490766274,0.0354161041398592,-0.4,-0.14925268464103905,-0.2178027523614941,0.531241562097888,-6.0,-2.2387902696155857,1,1761139910.3895442
862,5,-0.004397494437923005,0.3406210605427593,0.0,0.0,-0.021987472189615026,1.7031053027137966,0.0,0.0,0,1761139910.8161604
863,13,-0.01034620837052259,0.1527879632733016,-1.3846153846153846,-0.13033389423803501,-0.13450070881679366,1.986243522552921,-18.0,-1.694340625094455,3,1761139911.7542584
864,13,-0.007911411407923417,0.15737141814042352,0.0,0.0,-0.10284834830300443,2.0458284358255057,0.0,0.0,0,1761139912.421646
865,3,-0.012946135688334382,0.04525555584970361,0.0,0.0,-0.03883840706500315,0.13576666754911082,0.0,0.0,0,1761139912.914536
866,16,-0.01317596778573021,0.12500622192755884,0.0,0.0,-0.21081548457168336,2.0000995508409414,0.0,0.0,0,1761139913.5233567
867,2,-0.017004418305868185,0.04460704269462323,0.0,0.0,-0.03400883661173637,0.08921408538924647,0.0,0.0,0,1761139914.2828822
868,7,-0.006784829081387274,0.25731319007696923,0.0,0.0,-0.04749380356971092,1.8011923305387847,0.0,0.0,0,1761139914.9050689
869,20,-0.0052359959130317425,0.11381823662696325,-0.3,-0.05366818046018636,-0.10471991826063484,2.276364732539265,-6.0,-1.073363609203727,1,1761139948.0051844
870,12,-0.008720198548915805,0.16523739061974468,-0.5,-0.16602469899757277,-0.10464238258698966,1.9828486874369362,-6.0,-1.9922963879708733,1,1761139948.3648925
871,24,-0.005514289135046794,0.1041385139406182,0.0,-0.0021136569118171485,-0.13234293924112306,2.499324334574837,0.0,-0.05072776588361157,0,1761139949.009902
872,33,-0.02272767265098721,0.062369577550362314,0.0,0.0,-0.7500131974825779,2.0581960591619564,0.0,0.0,0,1761139949.8112757
873,39,-0.02032344114675806,0.05685904777598072,-0.15384615384615385,-0.039835145423705025,-0.7926142047235644,2.217502863263248,-6.0,-1.553570671524496,1,1761139950.5069628
874,20,-0.03007582151847856,0.003885414976236712,0.0,-0.0127575948726881,-0.6015164303695713,0.07770829952473424,0.0,-0.255151897453762,0,1761139950.9102957
875,46,-0.02776854972416719,0.040823594486289874,-0.9130434782608695,-0.05501084593175426,-1.2773532873116908,1.8778853463693341,-42.0,-2.530498912860696,7,1761139952.0551171
876,9,-0.036374202071050375,-0.005177755871306385,0.0,0.0,-0.32736781863945336,-0.046599802841757465,0.0,0.0,0,1761139952.2294967
877,33,-0.020027345997057324,0.021659160773775662,-0.18181818181818182,-0.14588896898536546,-0.6609024179028917,0.7147523055345968,-6.0,-4.81433597651706,1,1761139953.245806
878,3,-0.008081039641173201,0.5367289509875707,0.0,0.0,-0.024243118923519602,1.610186852962712,0.0,0.0,0,1761139953.4447646
879,28,-0.018504977144638054,0.07634915055941145,0.0,-0.06592822528923238,-0.5181393600498655,2.1377762156635205,0.0,-1.8459903080985067,0,1761139954.4376547
880,15,-0.016435857496871983,0.12814987171201317,0.0,-0.1399237126659658,-0.24653786245307974,1.9222480756801976,0.0,-2.098855689989487,0,1761139987.922913
881,24,-0.005080223658489627,0.10504508036959354,0.0,-0.004399897945575025,-0.12192536780375103,2.521081928870245,0.0,-0.10559755069380061,0,1761139988.59441
882,29,-0.014931785168835341,0.07767351787343262,0.0,-0.02583441675886295,-0.4330217698962249,2.252532018329546,0.0,-0.7491980860070255,0,1761139989.2466779
883,12,-0.006829538102195369,0.1672188549301554,0.0,0.0,-0.08195445722634442,2.0066262591618647,0.0,0.0,0,1761139989.6708047
884,5,-0.009395988432720511,0.3390569771433768,0.0,0.0,-0.04697994216360256,1.6952848857168838,0.0,0.0,0,1761139990.0646887
885,7,-0.00610470173876878,0.25443919715620894,0.0,0.0,-0.04273291217138146,1.7810743800934628,0.0,0.0,0,1761139990.5229087
886,16,-0.004503276106491515,0.13674601217453133,0.0,0.0,-0.07205241770386424,2.1879361947925013,0.0,0.0,0,1761139991.172632
887,5,-0.011294156900808252,0.04412690030639602,0.0,0.0,-0.05647078450404126,0.2206345015319801,0.0,0.0,0,1761139991.4348445
888,12,-0.018628824417975236,0.14458045363351174,0.0,-0.18806772753023934,-0.22354589301570282,1.7349654436021409,0.0,-2.256812730362872,0,1761139992.4278774
889,41,-0.034358189026052775,-0.003986881801294763,-0.5853658536585366,-0.12712232494628464,-1.4086857500681638,-0.16346215385308527,-24.0,-5.21201532279767,5,1761139993.3134942
890,24,-0.007197154639422787,0.10161863046490789,0.0,-0.01864007262319455,-0.1727317113461469,2.4388471311577895,0.0,-0.44736174295666914,0,1761139994.0235922
891,19,-0.00963016664483875,0.11565636759771826,-0.9473684210526315,-0.10611940864427914,-0.18297316625193624,2.197470984356647,-18.0,-2.0162687642413037,3,1761139994.4214797
892,4,-0.008725165188138213,0.4129105158820464,0.0,0.0,-0.03490066075255285,1.6516420635281857,0.0,0.0,0,1761139995.052631
893,29,-0.01990639782602023,0.0698799723457574,0.0,0.0,-0.5772855369545867,2.0265191980269646,0.0,0.0,0,1761140029.5178542
894,25,-0.007047294708626611,0.10346750133696275,0.0,0.0,-0.17618236771566528,2.586687533424069,0.0,0.0,0,1761140030.0684466
895,14,-0.005061169777348812,0.14999675058850567,0.0,0.0,-0.07085637688288336,2.0999545082390796,0.0,0.0,0,1761140030.4057024
896,18,-0.011581135320824866,0.11763819525733989,-0.3333333333333333,-0.06750122122008116,-0.20846043577484757,2.117487514632118,-6.0,-1.215021981961461,1,1761140031.0452118
897,6,-0.02037890998906008,0.03100738084175136,0.0,0.0,-0.12227345993436048,0.18604428505050816,0.0,0.0,0,1761140031.3112245
898,40,-0.01530489734322316,0.056637266718858256,-0.6,-0.12767567256650375,-0.6121958937289264,2.2654906687543304,-24.0,-5.10702690266015,4,1761140032.3467734
899,25,-0.015315151655847688,0.08726402586096459,0.0,0.0,-0.3828787913961922,2.1816006465241147,0.0,0.0,0,1761140032.8605354
900,13,-0.013769768959623917,0.14790852025649387,-0.46153846153846156,-0.09961432758128565,-0.17900699647511092,1.9228107633344202,-6.0,-1.2949862585567133,1,1761140033.1666214
901,20,-0.009229880851104872,0.11208363040946731,0.0,0.0,-0.18459761702209743,2.2416726081893463,0.0,0.0,0,1761140034.072867
902,24,-0.03344743903913029,-0.0032711241599755864,-0.25,-0.042238069679249375,-0.802738536939127,-0.07850697983941407,-6.0,-1.013713672301985,1,1761140034.6156576
903,25,-0.014265697771107491,0.08801417717735646,-1.44,-0.01606204075762446,-0.35664244427768726,2.2003544294339115,-36.0,-0.4015510189406115,6,1761140035.386071
904,8,-0.03647428245633594,-0.000653158692172362,0.0,0.0,-0.2917942596506875,-0.005225269537378896,0.0,0.0,0,1761140035.7523818
905,10,-0.014180819403183359,0.03713431685355588,0.0,-0.08765812810838149,-0.1418081940318336,0.3713431685355588,0.0,-0.8765812810838148,0,1761140070.3507414
906,10,-0.008830263394540419,0.19099598548424154,0.0,0.0,-0.08830263394540419,1.9099598548424155,0.0,0.0,0,1761140070.812312
907,33,-0.017397635033214575,0.06804548479478112,0.0,-0.1622027388376873,-0.574121956096081,2.2455009982277767,0.0,-5.352690381643681,0,1761140071.6107984
