episode_index,steps,mean_reward_drift,mean_reward_progress,mean_reward_intrusion,mean_reward_path_efficiency,mean_reward_boundary,mean_reward_step,mean_reward_proximity,sum_reward_drift,sum_reward_progress,sum_reward_intrusion,sum_reward_path_efficiency,sum_reward_boundary,sum_reward_step,sum_reward_proximity,total_intrusions,terminated_waypoint,truncated,finished_at
1,125,-0.009430655678936849,-0.00047054543876117626,-0.6,0.0,-0.024,-0.049999999999999885,0.05436915574590891,-1.1788319598671062,-0.058818179845147034,-75.0,0.0,-3.0,-6.249999999999986,6.796144468238614,5,False,True,1764412777.077882
2,35,-0.007397805174989694,0.00837452988331389,0.0,0.0,-0.08571428571428572,-0.050000000000000024,0.0,-0.2589231811246393,0.2931085459159861,0.0,0.0,-3.0,-1.7500000000000009,0.0,0,False,True,1764412783.4642975
3,77,-0.011812786860152625,-0.014613810080426016,0.0,0.0,-0.03896103896103896,-0.049999999999999926,0.09681793848512243,-0.9095845882317521,-1.1252633761928033,0.0,0.0,-3.0,-3.8499999999999943,7.454981263354427,0,False,True,1764412796.8120005
4,1,-0.0024290209133718613,5.0,0.0,0.0,0.0,-0.05,0.0,-0.0024290209133718613,5.0,0.0,0.0,0.0,-0.05,0.0,0,True,False,1764412803.7025063
5,76,-0.007340453370856192,0.007460857523951684,0.0,0.0,-0.039473684210526314,-0.049999999999999926,0.0,-0.5578744561850706,0.567025171820328,0.0,0.0,-3.0,-3.7999999999999945,0.0,0,False,True,1764412825.5155494
6,298,-0.00965222770571572,0.019378714683997433,-3.7751677852348995,0.0,0.0,-0.05000000000000026,0.29061931699972954,-2.8763638563032843,5.774856975831235,-1125.0,0.0,0.0,-14.900000000000077,86.6045564659194,75,True,False,1764412867.589576
7,51,-0.005997968460603508,0.008288302444553277,0.0,0.0,-0.058823529411764705,-0.04999999999999998,0.0,-0.3058963914907789,0.4227034246722171,0.0,0.0,-3.0,-2.549999999999999,0.0,0,False,True,1764412872.895382
8,111,-0.005873896339234698,0.01288137974158224,0.0,0.0,-0.02702702702702703,-0.04999999999999989,0.09636778762125359,-0.6520024936550515,1.4298331513156286,0.0,0.0,-3.0,-5.549999999999988,10.696824425959148,0,False,True,1764412896.171087
9,97,-0.005894332142197764,0.06973859114333147,-5.257731958762887,0.0,0.0,-0.049999999999999906,0.32229344919665825,-0.5717502177931831,6.764643340903152,-510.0,0.0,0.0,-4.849999999999991,31.262464572075853,34,True,False,1764412911.6505353
10,80,-0.002168168528601908,0.10201923698965151,-0.5625,0.0,0.0,-0.04999999999999992,0.09976190037421653,-0.17345348228815266,8.161538959172121,-45.0,0.0,0.0,-3.999999999999994,7.980952029937322,3,True,False,1764412931.0632172
11,59,-0.003076795020567128,0.11683648609372656,-3.8135593220338984,0.0,0.0,-0.04999999999999996,0.30465346804428733,-0.18153090621346055,6.893352679529867,-225.0,0.0,0.0,-2.9499999999999975,17.974554614612952,15,True,False,1764412945.1255085
12,31,-0.002643723625277984,0.19153101560492888,0.0,0.0,0.0,-0.050000000000000024,0.0029380631843289313,-0.08195543238361751,5.937461483752795,0.0,0.0,0.0,-1.5500000000000007,0.09107995871419687,0,True,False,1764412958.5115252
13,90,-0.0025143108160359407,0.09025791473864309,-0.8333333333333334,0.0,0.0,-0.04999999999999991,0.07891752201802166,-0.22628797344323467,8.123212326477878,-75.0,0.0,0.0,-4.499999999999992,7.102576981621949,5,True,False,1764412978.6195087
14,77,-0.002122100542063871,0.10448742451720407,-0.7792207792207793,0.0,0.0,-0.049999999999999926,0.09285007338531862,-0.16340174173891805,8.045531687824713,-60.0,0.0,0.0,-3.8499999999999943,7.149455650669534,4,True,False,1764412991.0770087
15,40,-0.0017343506494671551,0.16282625628944197,-2.625,0.0,0.0,-0.050000000000000024,0.21430292259019296,-0.06937402597868621,6.5130502515776785,-105.0,0.0,0.0,-2.000000000000001,8.572116903607718,7,True,False,1764412998.0459404
16,95,-0.0020936779490242333,0.09148953444436683,-2.0526315789473686,0.0,0.0,-0.049999999999999906,0.1922341802911712,-0.19889940515730217,8.69150577221485,-195.0,0.0,0.0,-4.749999999999991,18.262247127661265,13,True,False,1764413017.6167147
17,31,-0.002123755017949393,0.19154642289747573,0.0,0.0,0.0,-0.050000000000000024,0.0,-0.06583640555643118,5.937939109821747,0.0,0.0,0.0,-1.5500000000000007,0.0,0,True,False,1764413028.437377
18,62,-0.0018508331218133264,0.11788970490040848,-5.080645161290323,0.0,0.0,-0.049999999999999954,0.4269411811723974,-0.11475165355242624,7.309161703825326,-315.0,0.0,0.0,-3.099999999999997,26.470353232688637,21,True,False,1764413041.3849828
19,54,-0.002085283570164445,0.12345602694279964,0.0,0.0,0.0,-0.04999999999999997,0.0,-0.11260531278888003,6.6666254549111805,0.0,0.0,0.0,-2.6999999999999984,0.0,0,True,False,1764413054.7191777
20,93,-0.0021418581599604893,0.0900233557945172,-4.032258064516129,0.0,0.0,-0.049999999999999906,0.354249051066144,-0.1991928088763255,8.3721720888901,-375.0,0.0,0.0,-4.6499999999999915,32.945161749151396,25,True,False,1764413077.227344
21,34,-0.0017922272213523912,0.18372593138066695,-2.6470588235294117,0.0,0.0,-0.050000000000000024,0.28782358854996754,-0.0609357255259813,6.246681666942677,-90.0,0.0,0.0,-1.7000000000000008,9.786002010698896,6,True,False,1764413085.4929638
22,65,-0.0026871474880738053,0.11510302093509725,0.0,0.0,0.0,-0.04999999999999995,0.021418367053479218,-0.17466458672479734,7.481696360781322,0.0,0.0,0.0,-3.2499999999999964,1.3921938584761493,0,True,False,1764413101.662345
23,62,-0.00215048196486967,0.12104393199256207,-5.080645161290323,0.0,0.0,-0.049999999999999954,0.3861989978074874,-0.13332988182191954,7.504723783538848,-315.0,0.0,0.0,-3.099999999999997,23.94433786406422,21,True,False,1764413131.4175742
24,90,-0.002140167577308327,0.09220244735247872,-1.8333333333333333,0.0,0.0,-0.04999999999999991,0.35225076691714385,-0.19261508195774946,8.298220261723085,-165.0,0.0,0.0,-4.499999999999992,31.70256902254295,11,True,False,1764413149.8098435
25,52,-0.002847549852538316,0.12354723174499091,-1.7307692307692308,0.0,0.0,-0.049999999999999975,0.15568927288619497,-0.14807259233199244,6.424456050739527,-90.0,0.0,0.0,-2.5999999999999988,8.095842190082138,6,True,False,1764413159.1288054
26,88,-0.0017696805002354354,0.0945740681497171,-1.3636363636363635,0.0,0.0,-0.04999999999999991,0.17644600979176392,-0.1557318840207183,8.322517997175105,-120.0,0.0,0.0,-4.399999999999992,15.527248861675224,8,True,False,1764413182.0055442
27,109,-0.0029475520286422812,0.07361966418452154,0.0,0.0,0.0,-0.0499999999999999,0.014682964624613253,-0.32128317112200866,8.024543396112847,0.0,0.0,0.0,-5.449999999999989,1.6004431440828446,0,True,False,1764413203.6484838
28,42,-0.002289876163477437,0.15923509720878457,-4.285714285714286,0.0,0.0,-0.05000000000000001,0.27769328067883975,-0.09617479886605236,6.687874082768952,-180.0,0.0,0.0,-2.1000000000000005,11.66311778851127,12,True,False,1764413212.7660105
29,132,-0.0021804396338872627,0.06500282078711699,-3.522727272727273,0.0,0.0,-0.049999999999999885,0.29775487099118003,-0.2878180316731187,8.580372343899443,-465.0,0.0,0.0,-6.5999999999999845,39.30364297083577,31,True,False,1764413238.975913
30,126,-0.0027803287810590654,0.060464757732420424,-2.619047619047619,0.0,0.0,-0.049999999999999885,0.24689643213571044,-0.3503214264134422,7.618559474284973,-330.0,0.0,0.0,-6.299999999999986,31.108950449099517,22,True,False,1764413256.0009234
31,113,-0.0026899415756674876,0.07425210044261056,-1.4601769911504425,0.0,0.0,-0.04999999999999989,0.16318841213693724,-0.3039633980504261,8.390487350014993,-165.0,0.0,0.0,-5.649999999999988,18.44029057147391,11,True,False,1764413269.8614972
32,21,-0.0031867277454371706,0.26249825282796446,0.0,0.0,0.0,-0.05000000000000001,0.0,-0.06692128265418058,5.512463309387254,0.0,0.0,0.0,-1.0500000000000003,0.0,0,True,False,1764413275.694435
33,58,-0.0028236317582399665,0.1204828352928295,-2.586206896551724,0.0,0.0,-0.04999999999999996,0.19188656892898498,-0.16377064197791805,6.98800444698411,-150.0,0.0,0.0,-2.8999999999999977,11.129420997881128,10,True,False,1764413295.9213595
34,110,-0.0028628164313498905,0.05934064085959212,-1.9090909090909092,0.0,0.0,-0.04999999999999989,0.16626547381387957,-0.31490980744848796,6.527470494555133,-210.0,0.0,0.0,-5.4999999999999885,18.289202119526752,14,True,False,1764413314.8304079
35,43,-0.001910464469155703,0.15475664364232894,0.0,0.0,0.0,-0.05000000000000001,0.0,-0.08214997217369523,6.654535676620144,0.0,0.0,0.0,-2.1500000000000004,0.0,0,True,False,1764413325.9334035
36,45,-0.002111703463585342,0.15123896263219883,-6.666666666666667,0.0,0.0,-0.05,0.6108843598824895,-0.09502665586134039,6.805753318448947,-300.0,0.0,0.0,-2.25,27.489796194712024,20,True,False,1764413346.1873274
37,7,-0.001295006266472628,0.0347085687807655,0.0,0.0,-0.42857142857142855,-0.049999999999999996,0.0,-0.009065043865308396,0.24295998146535852,0.0,0.0,-3.0,-0.35,0.0,0,False,True,1764413362.4946916
38,84,-0.0024385332312717198,0.09143949434459497,-3.9285714285714284,0.0,0.0,-0.04999999999999992,0.3605245202528445,-0.20483679142682445,7.680917524945978,-330.0,0.0,0.0,-4.199999999999993,30.284059701238935,22,True,False,1764413387.7679925
39,95,-0.0028901794099065676,0.08844077040538803,-2.210526315789474,0.0,0.0,-0.049999999999999906,0.17583925044143808,-0.2745670439411239,8.401873188511862,-210.0,0.0,0.0,-4.749999999999991,16.704728791936617,14,True,False,1764413435.1621633
40,48,-0.00327734659008908,0.1150815802018571,-3.4375,0.0,0.0,-0.04999999999999999,0.2640641804145966,-0.15731263632427583,5.523915849689141,-165.0,0.0,0.0,-2.3999999999999995,12.675080659900638,11,True,False,1764413445.1509917
41,89,-0.0035558008099108116,0.0748625523326935,-0.6741573033707865,0.0,0.0,-0.04999999999999991,0.06392299491819314,-0.31646627208206224,6.662767157609721,-60.0,0.0,0.0,-4.449999999999992,5.68914654771919,4,True,False,1764413467.8775342
42,98,-0.0026214149216561215,0.0897286689588509,-7.8061224489795915,0.0,0.0,-0.049999999999999906,0.5068525993157568,-0.2568986623222999,8.793409557967388,-765.0,0.0,0.0,-4.899999999999991,49.67155473294416,51,True,False,1764413487.3504586
43,103,-0.0024059426912680874,0.08373184698825971,-3.9320388349514563,0.0,0.0,-0.0499999999999999,0.3766077079367019,-0.247812097200613,8.62438023979075,-405.0,0.0,0.0,-5.14999999999999,38.790593917480294,27,True,False,1764413504.6326413
44,169,-0.0029863092318203987,0.04322027232916513,-0.7988165680473372,0.0,0.0,-0.04999999999999991,0.10800465913278942,-0.5046862601776474,7.304226023628907,-135.0,0.0,0.0,-8.449999999999985,18.252787393441412,9,True,False,1764413530.0479488
45,63,-0.002994482403542175,0.10673267543166776,0.0,0.0,0.0,-0.04999999999999995,0.005081269721266329,-0.18865239142315704,6.724158552195068,0.0,0.0,0.0,-3.149999999999997,0.32011999243977873,0,True,True,1764413537.7512796
46,85,-0.0023809082248272837,0.09087010623299889,-5.470588235294118,0.0,0.0,-0.04999999999999992,0.44247367072013205,-0.20237719911031912,7.723959029804906,-465.0,0.0,0.0,-4.249999999999993,37.610262011211226,31,True,False,1764413563.764098
47,94,-0.002566642402877759,0.08037809725780365,-0.3191489361702128,0.0,0.0,-0.049999999999999906,0.23777119251943815,-0.24126438587050933,7.555541142233543,-30.0,0.0,0.0,-4.699999999999991,22.350492096827185,2,True,False,1764413586.6913657
48,141,-0.0034755711733497293,0.05072160563298295,-0.5319148936170213,0.0,0.0,-0.04999999999999988,0.1423695338731027,-0.49005553544231184,7.151746394250596,-75.0,0.0,0.0,-7.049999999999983,20.07410427610748,5,True,False,1764413613.6091807
49,175,-0.0031076492556261636,0.046093712188803336,0.0,0.0,0.0,-0.04999999999999994,0.026105838701815955,-0.5438386197345786,8.066399633040584,0.0,0.0,0.0,-8.74999999999999,4.5685217728177925,0,True,False,1764413636.9817176
50,181,-0.00321779346982079,0.04379762894603545,-0.4143646408839779,0.0,0.0,-0.04999999999999997,0.04945947471176124,-0.582420618037563,7.927370839232416,-75.0,0.0,0.0,-9.049999999999994,8.952164922828784,5,True,False,1764413656.7608562
51,42,-0.002140655629677075,0.15563163738126068,-2.5,0.0,0.0,-0.05000000000000001,0.2018808058042802,-0.08990753644643713,6.536528770012949,-105.0,0.0,0.0,-2.1000000000000005,8.478993843779769,7,True,False,1764413661.4951859
52,117,-0.00307722363503577,0.062123543631553146,0.0,0.0,0.0,-0.04999999999999989,0.06981700161013775,-0.3600351652991851,7.268454604891718,0.0,0.0,0.0,-5.849999999999987,8.168589188386116,0,True,False,1764413696.5322635
53,33,-0.002360977928130313,0.1876289483181876,0.0,0.0,0.0,-0.050000000000000024,0.03559873542874239,-0.07791227162830032,6.191755294500191,0.0,0.0,0.0,-1.6500000000000008,1.1747582691484988,0,True,False,1764413701.644671
54,29,-0.0013606429435110623,0.21045537155287702,-5.172413793103448,0.0,0.0,-0.050000000000000024,0.4241407128741643,-0.0394586453618208,6.103205775033434,-150.0,0.0,0.0,-1.4500000000000006,12.300080673350765,10,True,False,1764413716.140317
55,186,-0.003989739440144557,0.039805790338581934,0.0,0.0,0.0,-0.04999999999999998,0.0,-0.7420915358668876,7.403877002976239,0.0,0.0,0.0,-9.299999999999997,0.0,0,True,False,1764413745.1598039
56,93,-0.0024001619921346575,0.08341273352440437,-2.903225806451613,0.0,0.0,-0.049999999999999906,0.23847836799795963,-0.22321506526852314,7.757384217769606,-270.0,0.0,0.0,-4.6499999999999915,22.178488223810245,18,True,False,1764413754.8673098
57,107,-0.0022258299073943224,0.07845389544655906,-3.2242990654205608,0.0,0.0,-0.0499999999999999,0.4653443370458435,-0.2381638000911925,8.39456681278182,-345.0,0.0,0.0,-5.349999999999989,49.79184406390525,23,True,False,1764413783.036564
58,160,-0.003489780879449718,0.04788317158814163,0.0,0.0,0.0,-0.04999999999999987,0.007564697726248341,-0.5583649407119549,7.66130745410266,0.0,0.0,0.0,-7.99999999999998,1.2103516361997346,0,True,False,1764413810.686531
59,76,-0.0025336894435694333,0.09737141429347666,-3.1578947368421053,0.0,0.0,-0.049999999999999926,0.40023793754724424,-0.19256039771127695,7.400227486304226,-240.0,0.0,0.0,-3.7999999999999945,30.418083253590563,16,True,False,1764413818.6687174
60,81,-0.0019912788339191047,0.10048952581723114,-0.5555555555555556,0.0,0.0,-0.04999999999999992,0.06751417689346567,-0.1612935855474475,8.139651591195722,-45.0,0.0,0.0,-4.049999999999994,5.468648328370719,3,True,False,1764413856.1591146
61,75,-0.0018698551251755135,0.10589343394901625,-4.4,0.0,0.0,-0.049999999999999926,0.30973753799626497,-0.14023913438816352,7.942007546176219,-330.0,0.0,0.0,-3.7499999999999947,23.230315349719874,22,True,False,1764413875.3737009
62,90,-0.0023897649769525735,0.09526740065427056,-2.8333333333333335,0.0,0.0,-0.04999999999999991,0.23047658809200317,-0.21507884792573162,8.57406605888435,-255.0,0.0,0.0,-4.499999999999992,20.742892928280284,17,True,False,1764413890.7484424
63,77,-0.002730476730656708,0.09376392811801021,0.0,0.0,0.0,-0.049999999999999926,0.364411160539596,-0.2102467082605665,7.219822465086786,0.0,0.0,0.0,-3.8499999999999943,28.059659361548892,0,True,False,1764413905.2244022
64,85,-0.0030343958808926323,0.08804437151748805,0.0,0.0,0.0,-0.04999999999999992,0.019653810341574814,-0.25792364987587374,7.4837715789864845,0.0,0.0,0.0,-4.249999999999993,1.6705738790338593,0,True,False,1764413918.9268553
65,74,-0.002488628960709098,0.10434444690702453,-1.0135135135135136,0.0,0.0,-0.04999999999999993,0.09936532931952562,-0.18415854309247323,7.721489071119816,-75.0,0.0,0.0,-3.699999999999995,7.353034369644896,5,True,False,1764413946.078481
66,41,-0.0021052182193575016,0.1539720479139138,-4.024390243902439,0.0,0.0,-0.05000000000000002,0.29869429005586917,-0.08631394699365758,6.312853964470466,-165.0,0.0,0.0,-2.0500000000000007,12.246465892290637,11,True,False,1764413956.45853
67,48,-0.002605324378055144,0.1374846789163547,-2.1875,0.0,0.0,-0.04999999999999999,0.17346537930290817,-0.12505557014664692,6.599264587985026,-105.0,0.0,0.0,-2.3999999999999995,8.326338206539592,7,True,False,1764413969.9595792
68,98,-0.002601343116460692,0.08871855455170073,-2.6020408163265305,0.0,0.0,-0.049999999999999906,0.22569962771039073,-0.25493162541314784,8.694418346066671,-255.0,0.0,0.0,-4.899999999999991,22.11856351561829,17,True,False,1764413995.1737947
69,62,-0.0019695020836557765,0.11581276886308765,-0.7258064516129032,0.0,0.0,-0.049999999999999954,0.08755865984772906,-0.12210912918665813,7.180391669511435,-45.0,0.0,0.0,-3.099999999999997,5.428636910559202,3,True,False,1764414007.53498
70,74,-0.001939889956563324,0.10672765276697244,0.0,0.0,0.0,-0.04999999999999993,0.0018960195324843425,-0.14355185678568597,7.89784630475596,0.0,0.0,0.0,-3.699999999999995,0.14030544540384135,0,True,False,1764414030.0373359
71,49,-0.0019721062994026437,0.14151486709721187,-2.142857142857143,0.0,0.0,-0.04999999999999999,0.27215845641770087,-0.09663320867072954,6.934228487763382,-105.0,0.0,0.0,-2.4499999999999993,13.335764364467343,7,True,False,1764414042.966748
72,96,-0.002205178870463501,0.08892037036203615,-0.78125,0.0,0.0,-0.049999999999999906,0.07128308701233593,-0.2116971715644961,8.53635555475547,-75.0,0.0,0.0,-4.799999999999991,6.8431763531842495,5,True,False,1764414086.0683463
73,1,-0.00036395607182207733,5.0,0.0,0.0,0.0,-0.05,0.0,-0.00036395607182207733,5.0,0.0,0.0,0.0,-0.05,0.0,0,True,False,1764414086.1892643
74,71,-0.0036036000504816074,0.10470277248378759,-1.9014084507042253,0.0,0.0,-0.04999999999999993,0.1661701693919826,-0.2558556035841941,7.433896846348919,-135.0,0.0,0.0,-3.5499999999999954,11.798082026830764,9,True,False,1764414110.5676773
75,46,-0.0027031827854911462,0.03741916743750279,-4.239130434782608,0.0,-0.06521739130434782,-0.049999999999999996,0.3509229849797953,-0.12434640813259273,1.7212817021251283,-195.0,0.0,-3.0,-2.3,16.142457309070583,13,False,True,1764414119.5046093
76,60,-0.001440703482344241,0.1262582710761547,-6.25,0.0,0.0,-0.049999999999999954,0.45148426563995947,-0.08644220894065445,7.575496264569282,-375.0,0.0,0.0,-2.9999999999999973,27.089055938397568,25,True,False,1764414134.6128664
77,83,-0.0023472286388503292,0.09947375918530443,-5.0602409638554215,0.0,0.0,-0.04999999999999992,0.38871984128698733,-0.19481997702457732,8.256322012380268,-420.0,0.0,0.0,-4.149999999999993,32.26374682681995,28,True,False,1764414152.6436393
78,58,-0.004626410744549375,0.10995508442895051,-4.137931034482759,0.0,0.0,-0.04999999999999996,0.32329280835139007,-0.2683318231838638,6.37739489687913,-240.0,0.0,0.0,-2.8999999999999977,18.750982884380623,16,True,False,1764414172.0860884
79,44,-0.003136751429077807,0.1450451868086685,0.0,0.0,0.0,-0.05,0.1670200561210693,-0.1380170628794235,6.381988219581414,0.0,0.0,0.0,-2.2,7.348882469327049,0,True,False,1764414183.3826272
80,85,-0.0030931163855491923,0.09378078728573412,0.0,0.0,0.0,-0.04999999999999992,0.29878271999715966,-0.26291489277168134,7.971366919287401,0.0,0.0,0.0,-4.249999999999993,25.39653119975857,0,True,False,1764414217.4987993
81,101,-0.0037937209144761268,0.032076870725140975,-1.4851485148514851,0.0,-0.0297029702970297,-0.0499999999999999,0.13266671742398323,-0.3831658123620888,3.239763943239238,-150.0,0.0,-3.0,-5.04999999999999,13.399338459822305,10,False,True,1764414233.5342977
82,63,-0.002223733923045974,0.11775588731134726,-0.9523809523809523,0.0,0.0,-0.04999999999999995,0.08719786566489851,-0.14009523715189637,7.4186209006148776,-60.0,0.0,0.0,-3.149999999999997,5.493465536888606,4,True,False,1764414248.7125435
83,55,-0.0026083165396459866,0.1270384432746966,-1.3636363636363635,0.0,0.0,-0.04999999999999997,0.15328307945408026,-0.14345740968052925,6.987114380108313,-75.0,0.0,0.0,-2.7499999999999982,8.430569369974414,5,True,False,1764414261.6806147
84,62,-0.0019473239612033556,0.12064920191969636,-3.1451612903225805,0.0,0.0,-0.049999999999999954,0.2417300422308219,-0.12073408559460805,7.480250519021174,-195.0,0.0,0.0,-3.099999999999997,14.987262618310957,13,True,False,1764414274.1360445
85,111,-0.004646249892349675,0.06981133979759109,-4.864864864864865,0.0,0.0,-0.04999999999999989,0.42357328404195493,-0.5157337380508139,7.749058717532612,-540.0,0.0,0.0,-5.549999999999988,47.016634528657,36,True,False,1764414296.3981616
86,97,-0.0023657218003676596,0.0889286440935821,-2.1649484536082473,0.0,0.0,-0.049999999999999906,0.37887595538881547,-0.229475014635663,8.626078477077463,-210.0,0.0,0.0,-4.849999999999991,36.7509676727151,14,True,False,1764414309.433155
87,101,-0.0021934099548582366,0.08959668574002136,0.0,0.0,0.0,-0.0499999999999999,0.004199254368523832,-0.2215344054406819,9.049265259742157,0.0,0.0,0.0,-5.04999999999999,0.42412469122090696,0,True,False,1764414320.993282
88,67,-0.002210470281404769,0.103789456981632,0.0,0.0,0.0,-0.04999999999999994,0.013226127030248376,-0.14810150885411952,6.953893617769344,0.0,0.0,0.0,-3.349999999999996,0.8861505110266412,0,True,False,1764414330.0077412
89,68,-0.002349790017967574,0.11464430045895041,0.0,0.0,0.0,-0.04999999999999994,0.0,-0.15978572122179505,7.795812431208628,0.0,0.0,0.0,-3.399999999999996,0.0,0,True,False,1764414342.4716904
90,60,-0.0019538250462896463,0.11786282832510533,-2.25,0.0,0.0,-0.049999999999999954,0.24509820475728808,-0.11722950277737879,7.07176969950632,-135.0,0.0,0.0,-2.9999999999999973,14.705892285437285,9,True,False,1764414370.5294552
91,56,-0.0021047303119886202,0.12053893462301446,-1.6071428571428572,0.0,0.0,-0.04999999999999997,0.2103695706113248,-0.11786489747136274,6.75018033888881,-90.0,0.0,0.0,-2.799999999999998,11.780695954234188,6,True,False,1764414382.8739574
92,51,-0.0022856163550545655,0.1372019613744406,0.0,0.0,0.0,-0.04999999999999998,0.009675384683279218,-0.11656643410778283,6.99730003009647,0.0,0.0,0.0,-2.549999999999999,0.49344461884724017,0,True,False,1764414394.873496
93,94,-0.002224813107709201,0.09289181955662955,-3.8297872340425534,0.0,0.0,-0.049999999999999906,0.3395800386138625,-0.20913243212466487,8.731831038323177,-360.0,0.0,0.0,-4.699999999999991,31.920523629703073,24,True,False,1764414415.0059338
94,56,-0.002250328004368213,0.11631742301746546,0.0,0.0,0.0,-0.04999999999999997,0.0,-0.12601836824461993,6.513775688978066,0.0,0.0,0.0,-2.799999999999998,0.0,0,True,False,1764414423.0529776
95,92,-0.0031354183955415098,0.07348110957606444,0.0,0.0,0.0,-0.04999999999999991,0.004113074470151718,-0.2884584923898189,6.7602620809979275,0.0,0.0,0.0,-4.599999999999992,0.3784028512539581,0,True,False,1764414444.1937776
96,35,-0.0019273696183175859,0.175241478323883,-4.714285714285714,0.0,0.0,-0.050000000000000024,0.38535741606110774,-0.0674579366411155,6.1334517413359055,-165.0,0.0,0.0,-1.7500000000000009,13.48750956213877,11,True,False,1764414466.8678527
97,104,-0.00248096949725523,0.08594620626885731,-0.8653846153846154,0.0,0.0,-0.0499999999999999,0.07067996910571514,-0.25802082771454393,8.93840545196116,-90.0,0.0,0.0,-5.1999999999999895,7.350716786994374,6,True,False,1764414487.7554524
98,47,-0.0020914301368891368,0.147712413075243,0.0,0.0,0.0,-0.049999999999999996,0.0,-0.09829721643378943,6.9424834145364205,0.0,0.0,0.0,-2.3499999999999996,0.0,0,True,False,1764414493.1239226
99,136,-0.002430874101135442,0.06009576620459258,-0.11029411764705882,0.0,0.0,-0.04999999999999988,0.05577466592765558,-0.3305988777544201,8.17302420382459,-15.0,0.0,0.0,-6.799999999999984,7.5853545661611586,1,True,False,1764414517.8947206
100,107,-0.004429318538533083,0.06651959259422181,-4.065420560747664,0.0,0.0,-0.0499999999999999,0.32852780944172,-0.47393708362303993,7.117596407581734,-435.0,0.0,0.0,-5.349999999999989,35.15247561026404,29,True,False,1764414555.0335157
101,121,-0.0020372724223952513,0.07916593826499646,-0.743801652892562,0.0,0.0,-0.04999999999999989,0.07641974005576749,-0.2465099631098254,9.57907853006457,-90.0,0.0,0.0,-6.0499999999999865,9.246788546747865,6,True,False,1764414572.9160497
102,1,-0.0016858065469974165,5.0,0.0,0.0,0.0,-0.05,0.0,-0.0016858065469974165,5.0,0.0,0.0,0.0,-0.05,0.0,0,True,False,1764414573.3382783
103,64,-0.0019511442226961154,0.11972490577714984,-2.34375,0.0,0.0,-0.04999999999999995,0.2157941054857804,-0.12487323025255138,7.66239396973759,-150.0,0.0,0.0,-3.1999999999999966,13.810822751089946,10,True,False,1764414613.422892
104,133,-0.0018599945827481735,0.06632278821039067,-1.0150375939849625,0.0,0.0,-0.049999999999999885,0.088985320717036,-0.2473792795055071,8.82093083198196,-135.0,0.0,0.0,-6.649999999999984,11.83504765536579,9,True,False,1764414633.8078096
105,62,-0.0031428506442777054,0.11435914993300371,-1.2096774193548387,0.0,0.0,-0.049999999999999954,0.23817959618325643,-0.19485673994521774,7.09026729584623,-75.0,0.0,0.0,-3.099999999999997,14.7671349633619,5,True,True,1764414644.2508934
106,35,-0.004133227206742636,0.16184960563524653,0.0,0.0,0.0,-0.050000000000000024,0.0,-0.14466295223599226,5.664736197233628,0.0,0.0,0.0,-1.7500000000000009,0.0,0,True,False,1764414653.9755483
107,97,-0.0015728178484687668,0.09363242384790349,-0.15463917525773196,0.0,0.0,-0.049999999999999906,0.07643766760302617,-0.15256333130147037,9.082345113246639,-15.0,0.0,0.0,-4.849999999999991,7.414453757493538,1,True,False,1764414671.6580021
108,94,-0.002429177117033154,0.08966855096733807,-0.9574468085106383,0.0,0.0,-0.049999999999999906,0.07115682695323422,-0.22834264900111648,8.428843790929779,-90.0,0.0,0.0,-4.699999999999991,6.688741733604017,6,True,True,1764414682.3878849
109,67,-0.0025305643419713244,0.11048053583878385,0.0,0.0,0.0,-0.04999999999999994,0.0902143090031731,-0.16954781091207874,7.402195901198518,0.0,0.0,0.0,-3.349999999999996,6.044358703212597,0,True,False,1764414692.1625173
110,33,-0.0016988887131388461,0.19380178858692546,-2.727272727272727,0.0,0.0,-0.050000000000000024,0.25105958955861835,-0.056063327533581925,6.39545902336854,-90.0,0.0,0.0,-1.6500000000000008,8.284966455434406,6,True,False,1764414700.4627407
111,90,-0.0017791472861886628,0.09832744200265005,-1.8333333333333333,0.0,0.0,-0.04999999999999991,0.14412311095708594,-0.16012325575697967,8.849469780238504,-165.0,0.0,0.0,-4.499999999999992,12.971079986137735,11,True,False,1764414724.1729898
112,103,-0.0021882638272021624,0.08590794467319882,-2.1844660194174756,0.0,0.0,-0.0499999999999999,0.21833315567545608,-0.22539117420182272,8.848518301339478,-225.0,0.0,0.0,-5.14999999999999,22.488315034571976,15,True,False,1764414736.8065608
113,79,-0.0030051430289534135,0.1003506780770595,-2.088607594936709,0.0,0.0,-0.049999999999999926,0.21859789738106222,-0.23740629928731966,7.9277035680877,-165.0,0.0,0.0,-3.949999999999994,17.269233893103916,11,True,False,1764414773.869375
114,35,-0.0017990307876306277,0.18373194196629203,0.0,0.0,0.0,-0.050000000000000024,0.0035750255341112426,-0.06296607756707197,6.430617968820221,0.0,0.0,0.0,-1.7500000000000009,0.1251258936938935,0,True,False,1764414778.5020754
115,47,-0.0030523291041575315,0.13913696609268264,0.0,0.0,0.0,-0.049999999999999996,0.12045062669425376,-0.14345946789540398,6.539437406356084,0.0,0.0,0.0,-2.3499999999999996,5.661179454629926,0,True,False,1764414793.0845394
116,66,-0.0034386745447341884,0.10934140948593112,0.0,0.0,0.0,-0.04999999999999994,0.0,-0.22695251995245644,7.2165330260714535,0.0,0.0,0.0,-3.2999999999999963,0.0,0,True,False,1764414811.0418136
117,38,-0.0034608752063934843,0.15233505590616794,0.0,0.0,0.0,-0.050000000000000024,0.0,-0.1315132578429524,5.788732124434382,0.0,0.0,0.0,-1.900000000000001,0.0,0,True,False,1764414821.8987615
118,63,-0.0017438042516261644,0.11477767676125238,0.0,0.0,0.0,-0.04999999999999995,0.4489137216541564,-0.10985966785244836,7.2309936359588995,0.0,0.0,0.0,-3.149999999999997,28.28156446421185,0,True,False,1764414836.2501595
119,67,-0.0019492809670434326,0.10738694399320363,-5.149253731343284,0.0,0.0,-0.04999999999999994,0.40124596034418103,-0.13060182479191,7.194925247544643,-345.0,0.0,0.0,-3.349999999999996,26.883479343060127,23,True,False,1764414848.2806451
120,78,-0.004253542642119918,0.09215329311443891,-7.3076923076923075,0.0,0.0,-0.049999999999999926,0.5897865837248305,-0.3317763260853536,7.187956862926235,-570.0,0.0,0.0,-3.899999999999994,46.00335353053678,38,True,False,1764414860.6178994
121,63,-0.002520884647815353,0.10036484860339046,0.0,0.0,0.0,-0.04999999999999995,0.0,-0.15881573281236724,6.322985462013599,0.0,0.0,0.0,-3.149999999999997,0.0,0,True,False,1764414870.6274176
122,48,-0.0017209093135868488,0.14130680493115097,0.0,0.0,0.0,-0.04999999999999999,0.06709399862694788,-0.08260364705216874,6.782726636695246,0.0,0.0,0.0,-2.3999999999999995,3.2205119340934987,0,True,False,1764414882.1158717
123,80,-0.003029093515334994,0.09231975821186968,-0.9375,0.0,0.0,-0.04999999999999992,0.18562942035500887,-0.2423274812267995,7.385580656949574,-75.0,0.0,0.0,-3.999999999999994,14.85035362840071,5,True,False,1764414898.701274
124,68,-0.0016171654630163061,0.11175674956181024,-1.3235294117647058,0.0,0.0,-0.04999999999999994,0.21814197343603678,-0.10996725148510882,7.599458970203096,-90.0,0.0,0.0,-3.399999999999996,14.833654193650501,6,True,False,1764414913.3349156
125,67,-0.002198537406069206,0.10107097123348345,0.0,0.0,0.0,-0.04999999999999994,0.0017844852916222714,-0.1473020062066368,6.7717550726433915,0.0,0.0,0.0,-3.349999999999996,0.11956051453869218,0,True,False,1764414923.2787483
126,42,-0.0021482613761185077,0.1455691949080294,-2.5,0.0,0.0,-0.05000000000000001,0.1985585037767803,-0.09022697779697733,6.113906186137235,-105.0,0.0,0.0,-2.1000000000000005,8.339457158624773,7,True,False,1764414936.8477294
127,82,-0.001794876276510263,0.10019062263149259,-1.4634146341463414,0.0,0.0,-0.04999999999999992,0.28193868597932814,-0.14717985467384156,8.215631055782392,-120.0,0.0,0.0,-4.099999999999993,23.118972250304907,8,True,False,1764414953.422851
128,48,-0.0019661423099180614,0.14220242615877238,-3.4375,0.0,0.0,-0.04999999999999999,0.2955948829631131,-0.09437483087606695,6.825716455621074,-165.0,0.0,0.0,-2.3999999999999995,14.188554382229428,11,True,False,1764414960.84161
129,79,-0.0019363355886655334,0.1047090448782651,-1.139240506329114,0.0,0.0,-0.049999999999999926,0.1329544266260536,-0.15297051150457713,8.272014545382943,-90.0,0.0,0.0,-3.949999999999994,10.503399703458236,6,True,False,1764414978.227011
130,70,-0.0019434706828256603,0.11432787300368008,-1.2857142857142858,0.0,0.0,-0.04999999999999993,0.12632305256001983,-0.13604294779779622,8.002951110257605,-90.0,0.0,0.0,-3.4999999999999956,8.842613679201389,6,True,False,1764414990.055568
131,81,-0.0017271264306754116,0.10350588968763337,-1.1111111111111112,0.0,0.0,-0.04999999999999992,0.10739811318977276,-0.13989724088470834,8.383977064698303,-90.0,0.0,0.0,-4.049999999999994,8.699247168371594,6,True,False,1764415002.0469468
132,78,-0.0017640324969196363,0.1053503073408211,0.0,0.0,0.0,-0.049999999999999926,0.09101754140335681,-0.13759453475973163,8.217323972584046,0.0,0.0,0.0,-3.899999999999994,7.099368229461832,0,True,False,1764415013.8959327
133,76,-0.001970215684785009,0.10524260722990737,0.0,0.0,0.0,-0.049999999999999926,0.03954626383145789,-0.14973639204366068,7.99843814947296,0.0,0.0,0.0,-3.7999999999999945,3.0055160511907992,0,True,False,1764415037.2479846
134,110,-0.00213001501570747,0.08595562930058631,-0.9545454545454546,0.0,0.0,-0.04999999999999989,0.1145332641873501,-0.2343016517278217,9.455119223064495,-105.0,0.0,0.0,-5.4999999999999885,12.598659060608512,7,True,False,1764415051.4998624
135,58,-0.0033258704301969686,0.02421212871828598,0.0,0.0,-0.05172413793103448,-0.04999999999999996,0.04825541340920983,-0.19290048495142417,1.4043034656605868,0.0,0.0,-3.0,-2.8999999999999977,2.79881397773417,0,False,True,1764415057.9648573
136,84,-0.0016315313810022535,0.10005583857828795,0.0,0.0,0.0,-0.04999999999999992,0.012339211016289412,-0.1370486360041893,8.404690440576188,0.0,0.0,0.0,-4.199999999999993,1.0364937253683106,0,True,False,1764415074.8367054
137,65,-0.00423227000507131,0.10250347395479383,-1.3846153846153846,0.0,0.0,-0.04999999999999995,0.17047780017715913,-0.2750975503296352,6.662725807061599,-90.0,0.0,0.0,-3.2499999999999964,11.081057011515343,6,True,False,1764415085.898439
138,19,-0.0010085436490322932,0.3026884571014989,0.0,0.0,0.0,-0.05000000000000002,0.0,-0.01916232933161357,5.751080684928478,0.0,0.0,0.0,-0.9500000000000003,0.0,0,True,False,1764415094.3664353
139,60,-0.0016840578584392978,0.1231902031580064,-1.5,0.0,0.0,-0.049999999999999954,0.11648971446341778,-0.10104347150635787,7.391412189480384,-90.0,0.0,0.0,-2.9999999999999973,6.989382867805067,6,True,False,1764415109.3547745
140,72,-0.0035573055502799702,0.10041824380085089,-4.166666666666667,0.0,0.0,-0.04999999999999993,0.357211626308568,-0.25612599962015786,7.230113553661264,-300.0,0.0,0.0,-3.599999999999995,25.719237094216897,20,True,False,1764415127.0707746
141,45,-0.0016402827079258812,0.14961894270402967,0.0,0.0,0.0,-0.05,0.0,-0.07381272185666465,6.7328524216813355,0.0,0.0,0.0,-2.25,0.0,0,True,False,1764415136.5925856
142,73,-0.0020399309589014076,0.10973610342497674,-1.0273972602739727,0.0,0.0,-0.04999999999999993,0.08016316570199969,-0.14891495999980275,8.010735550023302,-75.0,0.0,0.0,-3.649999999999995,5.851911096245978,5,True,False,1764415152.8738148
143,33,-0.0019401987387147638,0.19047020449826021,0.0,0.0,0.0,-0.050000000000000024,0.0,-0.06402655837758721,6.285516748442587,0.0,0.0,0.0,-1.6500000000000008,0.0,0,True,False,1764415158.1481051
144,45,-0.0018913910370493123,0.15140013094970386,-0.3333333333333333,0.0,0.0,-0.05,0.08358259069482916,-0.08511259666721906,6.8130058927366735,-15.0,0.0,0.0,-2.25,3.7612165812673126,1,True,False,1764415169.458017
145,90,-0.0019430174910514662,0.09645572459507176,-2.0,0.0,0.0,-0.04999999999999991,0.20016286794327331,-0.17487157419463195,8.681015213556458,-180.0,0.0,0.0,-4.499999999999992,18.014658114894598,12,True,False,1764415186.3752136
146,39,-0.001802119643638943,0.16614739292202474,-2.3076923076923075,0.0,0.0,-0.05000000000000003,0.1859136134135758,-0.07028266610191877,6.479748323958964,-90.0,0.0,0.0,-1.950000000000001,7.250630923129456,6,True,False,1764415191.9627724
147,27,-0.0020314116417485414,0.22457891647459313,0.0,0.0,0.0,-0.05000000000000002,0.0,-0.054848114327210616,6.063630744814015,0.0,0.0,0.0,-1.3500000000000005,0.0,0,True,False,1764415202.6572726
148,33,-0.0024472877249013605,0.18214612916569212,0.0,0.0,0.0,-0.050000000000000024,0.0,-0.08076049492174489,6.01082226246784,0.0,0.0,0.0,-1.6500000000000008,0.0,0,True,False,1764415215.3974364
149,64,-0.0018933398303748494,0.11811199037042752,0.0,0.0,0.0,-0.04999999999999995,0.0627495583778127,-0.12117374914399036,7.559167383707361,0.0,0.0,0.0,-3.1999999999999966,4.0159717361800125,0,True,False,1764415236.3722432
150,15,-0.0018797969307191929,0.36654859852634103,0.0,0.0,0.0,-0.05000000000000001,0.0,-0.028196953960787894,5.498228977895115,0.0,0.0,0.0,-0.7500000000000001,0.0,0,True,False,1764415243.5014658
151,49,-0.0022052287997414953,0.13576142775492656,-2.4489795918367347,0.0,0.0,-0.04999999999999999,0.219699199261827,-0.10805621118733326,6.652309959991401,-120.0,0.0,0.0,-2.4499999999999993,10.765260763829522,8,True,False,1764415260.996743
152,70,-0.001876119242539796,0.10267957195645179,-1.9285714285714286,0.0,0.0,-0.04999999999999993,0.15432723064626216,-0.13132834697778573,7.187570036951625,-135.0,0.0,0.0,-3.4999999999999956,10.802906145238351,9,True,False,1764415276.1571095
153,41,-0.001999918992991118,0.16033198596182568,0.0,0.0,0.0,-0.05000000000000002,0.0,-0.08199667871263583,6.573611424434853,0.0,0.0,0.0,-2.0500000000000007,0.0,0,True,False,1764415283.8242648
154,88,-0.004843121882397035,0.08137527660917082,-6.136363636363637,0.0,0.0,-0.04999999999999991,0.48430889199377486,-0.42619472565093913,7.161024341607032,-540.0,0.0,0.0,-4.399999999999992,42.619182495452186,36,True,False,1764415311.517162
155,83,-0.0018315049877513495,0.09793418320339103,-1.4457831325301205,0.0,0.0,-0.04999999999999992,0.11375441035785241,-0.152014913983362,8.128537205881456,-120.0,0.0,0.0,-4.149999999999993,9.44161605970175,8,True,False,1764415334.2861648
156,19,-0.0015451887149732866,0.29649830870405813,0.0,0.0,0.0,-0.05000000000000002,0.1374609959661145,-0.029358585584492447,5.633467865377105,0.0,0.0,0.0,-0.9500000000000003,2.6117589233561755,0,True,False,1764415338.990041
157,98,-0.001859594399260969,0.09313889661178111,0.0,0.0,0.0,-0.049999999999999906,0.0,-0.18224025112757494,9.127611867954549,0.0,0.0,0.0,-4.899999999999991,0.0,0,True,False,1764415361.3722007
158,34,-0.0016271402097992372,0.04162106354874959,0.0,0.0,-0.08823529411764706,-0.050000000000000024,0.0,-0.055322767133174064,1.415116160657486,0.0,0.0,-3.0,-1.7000000000000008,0.0,0,False,True,1764415375.9011445
159,79,-0.0020354607233156927,0.1023669896197323,-0.379746835443038,0.0,0.0,-0.049999999999999926,0.0691655422836069,-0.16080139714193972,8.086992179958852,-30.0,0.0,0.0,-3.949999999999994,5.464077840404945,2,True,False,1764415392.803488
160,103,-0.0020048249401999553,0.08779191479147207,-2.1844660194174756,0.0,0.0,-0.0499999999999999,0.16156228312101736,-0.2064969688405954,9.042567223521623,-225.0,0.0,0.0,-5.14999999999999,16.64091516146479,15,True,False,1764415433.7767396
161,116,-0.004440858908928113,0.06942084455706068,-3.2327586206896552,0.0,0.0,-0.04999999999999989,0.3362029521713516,-0.5151396334356612,8.05281796861904,-375.0,0.0,0.0,-5.799999999999987,38.999542451876785,25,True,False,1764415449.7226696
162,17,-0.0017550272093839936,0.3299111094435492,0.0,0.0,0.0,-0.05000000000000001,0.0,-0.02983546255952789,5.608488860540336,0.0,0.0,0.0,-0.8500000000000002,0.0,0,True,False,1764415453.6766407
163,44,-0.001418911809286408,0.1567150142957591,0.0,0.0,0.0,-0.05,0.00962272100736085,-0.06243211960860195,6.8954606290134,0.0,0.0,0.0,-2.2,0.4233997243238774,0,True,False,1764415467.8018472
164,89,-0.002407351816837228,0.08652538143246127,-1.348314606741573,0.0,0.0,-0.04999999999999991,0.16423138067399307,-0.21425431169851328,7.700758947489053,-120.0,0.0,0.0,-4.449999999999992,14.616592879985383,8,True,False,1764415482.8656204
165,85,-0.0016857478306493835,0.1001622293938386,-2.2941176470588234,0.0,0.0,-0.04999999999999992,0.3768721620530856,-0.1432885656051976,8.513789498476282,-195.0,0.0,0.0,-4.249999999999993,32.03413377451228,13,True,False,1764415496.8494043
166,99,-0.0021732159601462447,0.08592663997637039,-2.5757575757575757,0.0,0.0,-0.049999999999999906,0.32562179266406177,-0.21514838005447823,8.506737357660668,-255.0,0.0,0.0,-4.94999999999999,32.23655747374212,17,True,False,1764415508.8939936
167,105,-0.004558935569261476,0.0723212304424022,-6.0,0.0,0.0,-0.0499999999999999,0.40852177271100026,-0.4786882347724549,7.59372919645223,-630.0,0.0,0.0,-5.249999999999989,42.89478613465503,42,True,False,1764415521.156005
168,102,-0.0019290202790144045,0.09134984076573326,-1.1764705882352942,0.0,0.0,-0.0499999999999999,0.1539466471745389,-0.19676006845946925,9.317683758104792,-120.0,0.0,0.0,-5.09999999999999,15.702558011802969,8,True,False,1764415535.723152
169,66,-0.0015224065862365452,0.11670848440577236,-1.3636363636363635,0.0,0.0,-0.04999999999999994,0.10486787544601395,-0.10047883469161198,7.702759970780976,-90.0,0.0,0.0,-3.2999999999999963,6.9212797794369205,6,True,False,1764415543.2370694
170,77,-0.0014611545173180945,0.10789458105207801,0.0,0.0,0.0,-0.049999999999999926,0.00684761855238035,-0.11250889783349327,8.307882741010006,0.0,0.0,0.0,-3.8499999999999943,0.527266628533287,0,True,False,1764415554.6622424
171,47,-0.0015649936821495517,0.14995291977560152,0.0,0.0,0.0,-0.049999999999999996,0.343770370956476,-0.07355470306102893,7.047787229453271,0.0,0.0,0.0,-2.3499999999999996,16.157207434954373,0,True,False,1764415562.6418638
172,30,-0.0014320340345571636,0.20590551244621416,0.0,0.0,0.0,-0.050000000000000024,0.0,-0.042961021036714904,6.1771653733864245,0.0,0.0,0.0,-1.5000000000000007,0.0,0,True,False,1764415573.3081486
173,121,-0.00222893905162841,0.06681072916544953,-0.8677685950413223,0.0,0.0,-0.04999999999999989,0.12647094331748476,-0.2697016252470376,8.084098229019393,-105.0,0.0,0.0,-6.0499999999999865,15.302984141415656,7,True,False,1764415599.177298
174,37,-0.002343118328230995,0.17511811033708663,0.0,0.0,0.0,-0.050000000000000024,0.0,-0.08669537814454681,6.479370082472205,0.0,0.0,0.0,-1.850000000000001,0.0,0,True,True,1764415607.1026418
175,69,-0.0014948009682119875,0.1164021011989434,-0.43478260869565216,0.0,0.0,-0.04999999999999994,0.11802218255326317,-0.10314126680662714,8.031744982727094,-30.0,0.0,0.0,-3.4499999999999957,8.14353059617516,2,True,False,1764415623.6728668
176,53,-0.0013918826664287781,0.1371462212095255,-3.6792452830188678,0.0,0.0,-0.049999999999999975,0.594600803158539,-0.07376978132072524,7.26874972410485,-195.0,0.0,0.0,-2.6499999999999986,31.51384256740257,13,True,False,1764415636.2640588
177,82,-0.0016485246752032051,0.10458620083704218,0.0,0.0,0.0,-0.04999999999999992,0.0,-0.13517902336666282,8.576068468637459,0.0,0.0,0.0,-4.099999999999993,0.0,0,True,False,1764415651.7132254
178,48,-0.002282739210427279,0.13801975763112911,-2.1875,0.0,0.0,-0.04999999999999999,0.26965132383765306,-0.10957148210050939,6.6249483662941975,-105.0,0.0,0.0,-2.3999999999999995,12.943263544207348,7,True,False,1764415658.3915093
179,44,-0.000921550287622611,0.15742370101122463,-2.727272727272727,0.0,0.0,-0.05,0.2186203269756253,-0.040548212655394884,6.926642844493884,-120.0,0.0,0.0,-2.2,9.619294386927514,8,True,False,1764415668.9321887
180,87,-0.0018683639098422554,0.09917249991939046,0.0,0.0,0.0,-0.04999999999999991,0.009326000410708626,-0.16254766015627622,8.62800749298697,0.0,0.0,0.0,-4.3499999999999925,0.8113620357316504,0,True,False,1764415684.542483
181,128,-0.0042047498600769825,0.06376452062807919,-4.453125,0.0,0.0,-0.049999999999999885,0.37122192286473543,-0.5382079820898538,8.161858640394136,-570.0,0.0,0.0,-6.399999999999985,47.516406126686135,38,True,False,1764415700.6143677
182,33,-0.0016083856227217153,0.18454052673924226,-1.3636363636363635,0.0,0.0,-0.050000000000000024,0.14378504481895213,-0.05307672554981661,6.089837382394995,-45.0,0.0,0.0,-1.6500000000000008,4.7449064790254205,3,True,False,1764415719.2904606
183,38,-0.001653857634835998,0.17164195497424298,-5.526315789473684,0.0,0.0,-0.050000000000000024,0.6046549433847774,-0.06284659012376792,6.522394289021233,-210.0,0.0,0.0,-1.900000000000001,22.976887848621544,14,True,False,1764415730.1658483
184,99,-0.0017099418028490218,0.09270050674579587,-1.0606060606060606,0.0,0.0,-0.049999999999999906,0.1366816193806335,-0.16928423848205315,9.177350167833792,-105.0,0.0,0.0,-4.94999999999999,13.531480318682716,7,True,False,1764415747.551805
185,59,-0.0037541756208982306,0.11232072866234266,-4.576271186440678,0.0,0.0,-0.04999999999999996,0.4795254898497943,-0.2214963616329956,6.626922991078217,-270.0,0.0,0.0,-2.9499999999999975,28.292003901137864,18,True,False,1764415775.7887964
186,104,-0.004880870911043932,0.07227722704452762,-5.913461538461538,0.0,0.0,-0.0499999999999999,0.4555049719935089,-0.507610574748569,7.516831612630872,-615.0,0.0,0.0,-5.1999999999999895,47.37251708732493,41,True,False,1764415794.8792658
187,91,-0.002646208297062668,0.08963868319366985,-1.8131868131868132,0.0,0.0,-0.04999999999999991,0.30158709346154705,-0.2408049550327028,8.157120170623957,-165.0,0.0,0.0,-4.549999999999992,27.444425505000783,11,True,False,1764415817.7744427
188,95,-0.002856778748745922,0.08799116922316995,-1.894736842105263,0.0,0.0,-0.049999999999999906,0.20951705033215964,-0.2713939811308626,8.359161076201145,-180.0,0.0,0.0,-4.749999999999991,19.904119781555167,12,True,False,1764415843.7627618
189,38,-0.001942481737374195,0.17277575124915093,0.0,0.0,0.0,-0.050000000000000024,0.0,-0.0738143060202194,6.565478547467735,0.0,0.0,0.0,-1.900000000000001,0.0,0,True,False,1764415850.6515713
190,24,-0.001244787477461269,0.24912746925709348,0.0,0.0,0.0,-0.05000000000000002,0.06106939176490217,-0.02987489945907045,5.979059262170243,0.0,0.0,0.0,-1.2000000000000004,1.465665402357652,0,True,False,1764415859.6548624
191,49,-0.0014478358354969641,0.14297193066589103,-1.836734693877551,0.0,0.0,-0.04999999999999999,0.16332061807162931,-0.07094395593935124,7.005624602628661,-90.0,0.0,0.0,-2.4499999999999993,8.002710285509837,6,True,False,1764415871.0007353
192,107,-0.0048864901595549095,0.07291270388932444,-3.0841121495327104,0.0,0.0,-0.0499999999999999,0.42142048528037046,-0.5228544470723753,7.801659316157716,-330.0,0.0,0.0,-5.349999999999989,45.09199192499964,22,True,False,1764415890.2852335
193,39,-0.001195149128893118,0.17135402878133943,0.0,0.0,0.0,-0.05000000000000003,0.18779468880368566,-0.0466108160268316,6.682807122472238,0.0,0.0,0.0,-1.950000000000001,7.323992863343741,0,True,False,1764415903.5141604
194,52,-0.0008890546998257059,0.1417406077489488,0.0,0.0,0.0,-0.049999999999999975,0.15850399656105577,-0.04623084439093671,7.370511602945338,0.0,0.0,0.0,-2.5999999999999988,8.2422078211749,0,True,False,1764415916.0599463
195,28,-0.0015360087812011545,0.22019828478277192,0.0,0.0,0.0,-0.050000000000000024,0.0,-0.04300824587363233,6.165551973917614,0.0,0.0,0.0,-1.4000000000000006,0.0,0,True,False,1764415921.8685598
196,63,-0.0011730577496007145,0.12280015552943269,0.0,0.0,0.0,-0.04999999999999995,0.042463854664904745,-0.07390263822484501,7.736409798354259,0.0,0.0,0.0,-3.149999999999997,2.675222843888999,0,True,False,1764415954.030928
197,44,-0.0025325512518850476,0.1529191552658469,0.0,0.0,0.0,-0.05,0.6347716247912089,-0.11143225508294209,6.728442831697264,0.0,0.0,0.0,-2.2,27.92995149081319,0,True,False,1764415961.4040804
198,22,-0.0030275434349017667,0.26353925564967556,-1.3636363636363635,0.0,0.0,-0.05000000000000002,0.1422614645982726,-0.06660595556783887,5.797863624292862,-30.0,0.0,0.0,-1.1000000000000003,3.129752221161997,2,True,False,1764415967.54974
199,64,-0.0014772051793758786,0.12250058742174197,0.0,0.0,0.0,-0.04999999999999995,0.0,-0.09454113148005623,7.840037594991486,0.0,0.0,0.0,-3.1999999999999966,0.0,0,True,False,1764415983.6099036
200,18,-0.0031157942887616186,0.3072525492484985,0.0,0.0,0.0,-0.05000000000000002,0.0,-0.05608429719770914,5.530545886472972,0.0,0.0,0.0,-0.9000000000000002,0.0,0,True,False,1764415989.2047536
201,56,-0.0020137508311636465,0.12568811586109743,-1.3392857142857142,0.0,0.0,-0.04999999999999997,0.2933113843444509,-0.1127700465451642,7.038534488221456,-75.0,0.0,0.0,-2.799999999999998,16.42543752328925,5,True,False,1764416005.346686
202,59,-0.0013551883852655358,0.1268634650067122,0.0,0.0,0.0,-0.04999999999999996,0.0,-0.07995611473066662,7.484944435396019,0.0,0.0,0.0,-2.9499999999999975,0.0,0,True,False,1764416017.1780443
203,58,-0.0018999321692488426,0.12945321925569334,0.0,0.0,0.0,-0.04999999999999996,0.010488245761936126,-0.11019606581643288,7.508286716830214,0.0,0.0,0.0,-2.8999999999999977,0.6083182541922952,0,True,False,1764416031.296259
204,89,-0.001866443794972134,0.09492942353499938,-1.1797752808988764,0.0,0.0,-0.04999999999999991,0.1004038077001785,-0.16611349775251993,8.448718694614945,-105.0,0.0,0.0,-4.449999999999992,8.935938885315887,7,True,False,1764416045.5714512
205,87,-0.003053083113847637,0.09274863595773229,-2.2413793103448274,0.0,0.0,-0.04999999999999991,0.22747126135022422,-0.2656182309047444,8.06913132832271,-195.0,0.0,0.0,-4.3499999999999925,19.789999737469508,13,True,False,1764416085.833161
206,62,-0.0019302032404260325,0.12360557604353778,-7.983870967741935,0.0,0.0,-0.049999999999999954,0.7808541252933608,-0.11967260090641402,7.663545714699342,-495.0,0.0,0.0,-3.099999999999997,48.412955768188375,33,True,False,1764416098.3963957
207,67,-0.001657754531029835,0.11677904568568137,-0.6716417910447762,0.0,0.0,-0.04999999999999994,0.1924760052351691,-0.11106955357899893,7.824196060940652,-45.0,0.0,0.0,-3.349999999999996,12.89589235075633,3,True,False,1764416109.4000144
208,60,-0.0018813954311878275,0.125072489292828,-4.0,0.0,0.0,-0.049999999999999954,0.42995984026622025,-0.11288372587126966,7.50434935756968,-240.0,0.0,0.0,-2.9999999999999973,25.797590415973215,16,True,False,1764416120.0072613
209,67,-0.0017336152687380448,0.11810874464045969,-4.029850746268656,0.0,0.0,-0.04999999999999994,0.33698526001691753,-0.116152223005449,7.9132858909107995,-270.0,0.0,0.0,-3.349999999999996,22.578012421133476,18,True,False,1764416134.8098125
210,81,-0.0013838540812208366,0.1035356827227079,-1.4814814814814814,0.0,0.0,-0.04999999999999992,0.18569302866837895,-0.11209218057888777,8.38639030053934,-120.0,0.0,0.0,-4.049999999999994,15.041135322138695,8,True,False,1764416147.0845501
211,25,-0.0013211158883207593,0.24082010924019934,-0.6,0.0,0.0,-0.05000000000000002,0.17962211940191644,-0.033027897208018984,6.020502731004983,-15.0,0.0,0.0,-1.2500000000000004,4.490552985047911,1,True,False,1764416164.4169161
212,91,-0.001578022654171421,0.09636388722291049,-1.978021978021978,0.0,0.0,-0.04999999999999991,0.2313595971752282,-0.1436000615295993,8.769113737284854,-180.0,0.0,0.0,-4.549999999999992,21.053723342945766,12,True,False,1764416183.847852
213,1,-0.000580455117451415,5.0,0.0,0.0,0.0,-0.05,0.0,-0.000580455117451415,5.0,0.0,0.0,0.0,-0.05,0.0,0,True,False,1764416185.9385035
214,59,-0.0013230826299139389,0.12671141211970935,0.0,0.0,0.0,-0.04999999999999996,0.018594038934837517,-0.0780618751649224,7.475973315062852,0.0,0.0,0.0,-2.9499999999999975,1.0970482971554134,0,True,False,1764416201.6365519
215,77,-0.0012875649404733075,0.10910519012636302,0.0,0.0,0.0,-0.049999999999999926,0.031463920331295754,-0.09914250041644468,8.401099639729953,0.0,0.0,0.0,-3.8499999999999943,2.422721865509773,0,True,False,1764416215.9623547
216,48,-0.0014179767007352704,0.14821358508318594,-2.8125,0.0,0.0,-0.04999999999999999,0.23109830517652893,-0.06806288163529298,7.114252083992925,-135.0,0.0,0.0,-2.3999999999999995,11.092718648473388,9,True,False,1764416224.7228143
217,112,-0.0030268671516640276,0.07576072240909737,-5.089285714285714,0.0,0.0,-0.04999999999999989,0.4613341161593202,-0.3390091209863711,8.485200909818905,-570.0,0.0,0.0,-5.599999999999988,51.66942100984386,38,True,False,1764416241.5656092
218,93,-0.0016655750204803408,0.09697366749963059,-3.064516129032258,0.0,0.0,-0.049999999999999906,0.3547909219400988,-0.1548984769046717,9.018551077465645,-285.0,0.0,0.0,-4.6499999999999915,32.99555574042919,19,True,False,1764416252.567791
219,83,-0.0014380806186757213,0.10450606551901297,-1.2650602409638554,0.0,0.0,-0.04999999999999992,0.11754720494580095,-0.11936069135008487,8.674003438078076,-105.0,0.0,0.0,-4.149999999999993,9.756418010501479,7,True,False,1764416263.692325
220,119,-0.0026672598182715117,0.07757593789168167,-3.1512605042016806,0.0,0.0,-0.04999999999999989,0.2403198321093657,-0.31740391837430987,9.231536609110119,-375.0,0.0,0.0,-5.949999999999987,28.59806002101452,25,True,False,1764416279.5308268
221,97,-0.0023246193890455818,0.09054731528937959,-0.4639175257731959,0.0,0.0,-0.049999999999999906,0.45785683663448046,-0.22548808073742144,8.78308958306982,-45.0,0.0,0.0,-4.849999999999991,44.4121131535446,3,True,False,1764416290.3764684
222,51,-0.0014898529742927947,0.14163293147808234,0.0,0.0,0.0,-0.04999999999999998,0.00770615216196596,-0.07598250168893253,7.223279505382199,0.0,0.0,0.0,-2.549999999999999,0.39301376026026397,0,True,False,1764416297.1392887
223,82,-0.0026730492813356395,0.09724602401233724,-0.5487804878048781,0.0,0.0,-0.04999999999999992,0.12691127130794874,-0.21919004106952245,7.9741739690116535,-45.0,0.0,0.0,-4.099999999999993,10.406724247251796,3,True,False,1764416309.8897262
224,11,-0.0016966358286623214,0.4913295546500622,0.0,0.0,0.0,-0.049999999999999996,0.0,-0.018662994115285537,5.404625101150684,0.0,0.0,0.0,-0.5499999999999999,0.0,0,True,False,1764416312.9389162
225,73,-0.0015314937488308245,0.11293377298197853,0.0,0.0,0.0,-0.04999999999999993,0.0,-0.11179904366465018,8.244165427684433,0.0,0.0,0.0,-3.649999999999995,0.0,0,True,False,1764416330.5216768
226,27,-0.0014596604689831255,0.22728520610872285,0.0,0.0,0.0,-0.05000000000000002,0.0014652244902517754,-0.03941083266254439,6.136700564935517,0.0,0.0,0.0,-1.3500000000000005,0.03956106123679794,0,True,False,1764416339.102674
227,49,-0.0018152575971600094,0.14369120723193057,0.0,0.0,0.0,-0.04999999999999999,0.13781643235476274,-0.08894762226084046,7.040869154364598,0.0,0.0,0.0,-2.4499999999999993,6.7530051853833735,0,True,False,1764416365.5602622
228,87,-0.0023770715664313885,0.09487012670543128,-1.0344827586206897,0.0,0.0,-0.04999999999999991,0.07908584820783851,-0.2068052262795308,8.253701023372521,-90.0,0.0,0.0,-4.3499999999999925,6.880468794081951,6,True,False,1764416380.0029166
229,50,-0.0011179167443122434,0.1447240273749029,0.0,0.0,0.0,-0.04999999999999998,0.03917280373579645,-0.05589583721561217,7.236201368745144,0.0,0.0,0.0,-2.499999999999999,1.9586401867898227,0,True,False,1764416391.2505302
230,44,-0.0012884611118250137,0.15256015281706625,0.0,0.0,0.0,-0.05,0.40038107168570447,-0.0566922889203006,6.7126467239509156,0.0,0.0,0.0,-2.2,17.616767154170997,0,True,False,1764416399.0501957
231,18,-0.002658566980802531,0.31575809268638677,-4.166666666666667,0.0,0.0,-0.05000000000000002,0.36303693535820625,-0.04785420565444556,5.683645668354962,-75.0,0.0,0.0,-0.9000000000000002,6.534664836447712,5,True,False,1764416407.3127816
232,20,-0.0010749441873739662,0.28958386405685677,0.0,0.0,0.0,-0.05000000000000001,0.0,-0.02149888374747932,5.791677281137135,0.0,0.0,0.0,-1.0000000000000002,0.0,0,True,False,1764416416.727103
233,38,-0.001565018372716198,0.17461661541479967,-1.1842105263157894,0.0,0.0,-0.050000000000000024,0.16721938793338972,-0.05947069816321553,6.635431385762387,-45.0,0.0,0.0,-1.900000000000001,6.354336741468809,3,True,False,1764416429.4692066
234,65,-0.001282400195112785,0.12154691425908178,0.0,0.0,0.0,-0.04999999999999995,0.0,-0.08335601268233103,7.900549426840316,0.0,0.0,0.0,-3.2499999999999964,0.0,0,True,False,1764416442.6823475
235,58,-0.001219775339498182,0.13111965079197346,0.0,0.0,0.0,-0.04999999999999996,0.026998705541372577,-0.07074696969089456,7.604939745934461,0.0,0.0,0.0,-2.8999999999999977,1.5659249213996094,0,True,False,1764416452.190583
236,81,-0.0012686684260272867,0.10627482627574569,0.0,0.0,0.0,-0.04999999999999992,0.02384722209921161,-0.10276214250821022,8.608260928335401,0.0,0.0,0.0,-4.049999999999994,1.9316249900361402,0,True,False,1764416486.7744524
237,76,-0.0015852124593794552,0.10945743327230739,-1.1842105263157894,0.0,0.0,-0.049999999999999926,0.1426801470123622,-0.12047614691283859,8.318764928695362,-90.0,0.0,0.0,-3.7999999999999945,10.843691172939527,6,True,False,1764416495.7513127
238,87,-0.0025467116778118593,0.09415067879432965,-0.3448275862068966,0.0,0.0,-0.04999999999999991,0.07731397224632633,-0.22156391596963176,8.19110905510668,-30.0,0.0,0.0,-4.3499999999999925,6.726315585430391,2,True,False,1764416507.795527
239,43,-0.004161107706509622,0.14458695349932238,-6.627906976744186,0.0,0.0,-0.05000000000000001,0.4879390169133901,-0.17892763137991374,6.217239000470862,-285.0,0.0,0.0,-2.1500000000000004,20.981377727275774,19,True,False,1764416512.9514368
240,84,-0.0013139695581124886,0.10472707961542921,0.0,0.0,0.0,-0.04999999999999992,0.0,-0.11037344288144904,8.797074687696053,0.0,0.0,0.0,-4.199999999999993,0.0,0,True,False,1764416529.565798
241,60,-0.0012577397029558729,0.12719273569889727,-2.25,0.0,0.0,-0.049999999999999954,0.28874213752237726,-0.07546438217735238,7.631564141933836,-135.0,0.0,0.0,-2.9999999999999973,17.324528251342635,9,True,False,1764416540.7036366
242,63,-0.0013863895746754147,0.12298028872209062,0.0,0.0,0.0,-0.04999999999999995,0.019046521910341015,-0.08734254320455112,7.747758189491709,0.0,0.0,0.0,-3.149999999999997,1.1999308803514839,0,True,False,1764416553.0967338
243,1,-0.0006481593409948042,5.0,0.0,0.0,0.0,-0.05,0.0,-0.0006481593409948042,5.0,0.0,0.0,0.0,-0.05,0.0,0,True,False,1764416556.7677147
244,80,-0.0021894025267171838,0.10376101114575423,-1.6875,0.0,0.0,-0.04999999999999992,0.2382450465786689,-0.1751522021373747,8.300880891660338,-135.0,0.0,0.0,-3.999999999999994,19.059603726293513,9,True,False,1764416576.2840648
245,55,-0.001321533494429446,0.13584427661478635,-3.8181818181818183,0.0,0.0,-0.04999999999999997,0.23169816811281932,-0.07268434219361952,7.471435213813249,-210.0,0.0,0.0,-2.7499999999999982,12.743399246205062,14,True,False,1764416587.638976
246,82,-0.00274996793546783,0.09806335470418902,-2.3780487804878048,0.0,0.0,-0.04999999999999992,0.3617415780125113,-0.22549737070836204,8.0411950857435,-195.0,0.0,0.0,-4.099999999999993,29.662809397025924,13,True,False,1764416602.7114546
247,85,-0.0017856776282138365,0.09963076974287131,-1.411764705882353,0.0,0.0,-0.04999999999999992,0.133948998343395,-0.1517825983981761,8.468615428144062,-120.0,0.0,0.0,-4.249999999999993,11.385664859188575,8,True,False,1764416613.8616822
248,62,-0.0014253074775684477,0.12369960085894108,-1.6935483870967742,0.0,0.0,-0.049999999999999954,0.13762799727790867,-0.08836906360924375,7.669375253254347,-105.0,0.0,0.0,-3.099999999999997,8.532935831230338,7,True,False,1764416620.9689956
249,54,-0.0011291552800824407,0.13741643977227738,0.0,0.0,0.0,-0.04999999999999997,0.08101648995976429,-0.060974385124451795,7.420487747702979,0.0,0.0,0.0,-2.6999999999999984,4.374890457827272,0,True,False,1764416630.8567743
250,58,-0.0013696226032200254,0.12895966299706507,0.0,0.0,0.0,-0.04999999999999996,0.041408812152839855,-0.07943811098676147,7.479660453829775,0.0,0.0,0.0,-2.8999999999999977,2.4017111048647117,0,True,False,1764416641.2643998
251,26,-0.001519431501910326,0.23257314532877726,0.0,0.0,0.0,-0.05000000000000002,0.003988638975882319,-0.03950521904966847,6.046901778548209,0.0,0.0,0.0,-1.3000000000000005,0.10370461337294029,0,True,False,1764416651.080469
252,37,-0.001690095260718782,0.17834804885719982,0.0,0.0,0.0,-0.050000000000000024,0.0019057617733177483,-0.06253352464659494,6.598877807716393,0.0,0.0,0.0,-1.850000000000001,0.07051318561275668,0,True,False,1764416665.2746701
253,80,-0.0037798824427939582,0.08832964026694178,-2.25,0.0,0.0,-0.04999999999999992,0.216496971576683,-0.30239059542351665,7.066371221355342,-180.0,0.0,0.0,-3.999999999999994,17.31975772613464,12,True,False,1764416679.8627229
254,111,-0.0033713115123152507,0.07647435233033908,-4.72972972972973,0.0,0.0,-0.04999999999999989,0.3598256654625471,-0.37421557786699283,8.488653108667638,-525.0,0.0,0.0,-5.549999999999988,39.94064886634273,35,True,False,1764416692.5463834
255,120,-0.0042748127823298565,0.06603518821863248,-3.25,0.0,0.0,-0.04999999999999989,0.38339978683083376,-0.5129775338795828,7.9242225862358975,-390.0,0.0,0.0,-5.999999999999987,46.00797441970005,26,True,False,1764416748.55329
256,74,-0.0015407387220015881,0.10928096238657926,0.0,0.0,0.0,-0.04999999999999993,0.05348879135174092,-0.11401466542811751,8.086791216606866,0.0,0.0,0.0,-3.699999999999995,3.958170560028828,0,True,False,1764416758.2827544
257,79,-0.001499099416058008,0.1071416588901036,0.0,0.0,0.0,-0.049999999999999926,0.04804438258100838,-0.11842885386858262,8.464191052318185,0.0,0.0,0.0,-3.949999999999994,3.7955062238996615,0,True,False,1764416768.078092
258,39,-0.0014245277933478675,0.171919485497502,0.0,0.0,0.0,-0.05000000000000003,0.08304193748032088,-0.05555658394056683,6.704859934402577,0.0,0.0,0.0,-1.950000000000001,3.238635561732514,0,True,False,1764416775.3844266
259,61,-0.0011673816461303715,0.12693056195853217,0.0,0.0,0.0,-0.049999999999999954,0.07319108237333605,-0.07121028041395266,7.742764279470463,0.0,0.0,0.0,-3.049999999999997,4.4646560247734985,0,True,False,1764416791.235162
260,59,-0.0026805413402027824,0.11625873046006398,-3.559322033898305,0.0,0.0,-0.04999999999999996,0.45500238877296695,-0.15815193907196418,6.8592650971437745,-210.0,0.0,0.0,-2.9499999999999975,26.84514093760505,14,True,False,1764416802.8748815
261,16,-0.0008732851708119323,0.3543554361753495,0.0,0.0,0.0,-0.05000000000000001,0.0,-0.013972562732990917,5.669686978805592,0.0,0.0,0.0,-0.8000000000000002,0.0,0,True,False,1764416808.3386838
262,71,-0.0017950475536475897,0.11295642361746248,-1.4788732394366197,0.0,0.0,-0.04999999999999993,0.172563259294625,-0.12744837630897887,8.019906076839836,-105.0,0.0,0.0,-3.5499999999999954,12.251991409918373,7,True,False,1764416825.4215965
263,11,-0.0009521423768399218,0.4931803932543912,0.0,0.0,0.0,-0.049999999999999996,0.006583531747070329,-0.01047356614523914,5.424984325798303,0.0,0.0,0.0,-0.5499999999999999,0.07241884921777363,0,True,False,1764416829.8631685
264,28,-0.0013836303338749009,0.22073179261715437,0.0,0.0,0.0,-0.050000000000000024,0.0,-0.03874164934849723,6.180490193280322,0.0,0.0,0.0,-1.4000000000000006,0.0,0,True,False,1764416842.0836623
265,14,-0.0010653098084823808,0.39804205461053843,0.0,0.0,0.0,-0.05,0.0,-0.01491433731875333,5.572588764547538,0.0,0.0,0.0,-0.7000000000000001,0.0,0,True,False,1764416850.508797
266,68,-0.0011535448870238867,0.11851921810526707,0.0,0.0,0.0,-0.04999999999999994,2.6812168784638437e-05,-0.0784410523176243,8.05930683115816,0.0,0.0,0.0,-3.399999999999996,0.0018232274773554136,0,True,False,1764416867.0396936
267,36,-0.0014332649931623287,0.18230145286048458,-1.6666666666666667,0.0,0.0,-0.050000000000000024,0.3246360393754365,-0.05159753975384383,6.562852302977444,-60.0,0.0,0.0,-1.800000000000001,11.686897417515715,4,True,False,1764416874.0590372
268,58,-0.0012569825485415837,0.1311220453763441,-1.5517241379310345,0.0,0.0,-0.04999999999999996,0.19301916939891506,-0.07290498781541185,7.605078631827958,-90.0,0.0,0.0,-2.8999999999999977,11.195111825137074,6,True,False,1764416888.3236222
269,32,-0.0010930649192599413,0.20102729409069353,-2.8125,0.0,0.0,-0.050000000000000024,0.23481557687387988,-0.03497807741631812,6.432873410902193,-90.0,0.0,0.0,-1.6000000000000008,7.514098459964156,6,True,False,1764416901.639195
270,60,-0.0017823824126242248,0.12787983828403507,0.0,0.0,0.0,-0.049999999999999954,0.07056532976030809,-0.10694294475745349,7.672790297042105,0.0,0.0,0.0,-2.9999999999999973,4.233919785618485,0,True,False,1764416914.920077
271,37,-0.003114630278300023,0.17508434216220375,-2.4324324324324325,0.0,0.0,-0.050000000000000024,0.2529515633967545,-0.11524132029710085,6.478120660001538,-90.0,0.0,0.0,-1.850000000000001,9.359207845679917,6,True,False,1764416922.6654794
272,22,-0.0071456122662744235,0.24182813779568127,0.0,0.0,0.0,-0.05000000000000002,0.0,-0.15720346985803732,5.320219031504988,0.0,0.0,0.0,-1.1000000000000003,0.0,0,True,False,1764416944.5471444
273,108,-0.004260196836139272,0.03334099245785134,-0.6944444444444444,0.0,-0.027777777777777776,-0.0499999999999999,0.33856736479027033,-0.46010125830304144,3.600827185447945,-75.0,0.0,-3.0,-5.399999999999989,36.5652753973492,5,False,True,1764416966.1241865
274,13,-0.0035628477046398843,0.0360511714885254,0.0,0.0,-0.23076923076923078,-0.05,0.0,-0.046317020160318495,0.4686652293508302,0.0,0.0,-3.0,-0.65,0.0,0,False,True,1764416967.7030628
275,26,-0.0028163884105400186,0.23133413913525258,0.0,0.0,0.0,-0.05000000000000002,0.007951234103048793,-0.07322609867404048,6.014687617516567,0.0,0.0,0.0,-1.3000000000000005,0.20673208667926862,0,True,False,1764416978.6650398
276,70,-0.00312158482917043,0.11110785753068286,-0.42857142857142855,0.0,0.0,-0.04999999999999993,0.19307114526688254,-0.2185109380419301,7.7775500271478,-30.0,0.0,0.0,-3.4999999999999956,13.514980168681777,2,True,False,1764416994.050904
277,60,-0.004705545921127263,0.11653131035081464,-0.25,0.0,0.0,-0.049999999999999954,0.10973658819005001,-0.2823327552676358,6.991878621048879,-15.0,0.0,0.0,-2.9999999999999973,6.584195291403001,1,True,True,1764417004.4988146
278,52,-0.004279267345505722,0.1297349482098758,-2.3076923076923075,0.0,0.0,-0.049999999999999975,0.36082745741820693,-0.22252190196629754,6.746217306913541,-120.0,0.0,0.0,-2.5999999999999988,18.76302778574676,8,True,False,1764417015.0798306
279,26,-0.0035066887957997447,0.03800362934024754,0.0,0.0,-0.11538461538461539,-0.05000000000000002,0.0,-0.09117390869079336,0.988094362846436,0.0,0.0,-3.0,-1.3000000000000005,0.0,0,False,True,1764417024.1101785
280,74,-0.003006620873228696,0.04075790736809688,-3.2432432432432434,0.0,-0.04054054054054054,-0.04999999999999993,0.27951243252258434,-0.22248994461892352,3.016085145239169,-240.0,0.0,-3.0,-3.699999999999995,20.68392000667124,16,False,True,1764417039.9484615
281,72,-0.003255793296416858,0.040376729035722696,0.0,0.0,-0.041666666666666664,-0.04999999999999993,0.13630128275706227,-0.2344171173420138,2.907124490572034,0.0,0.0,-3.0,-3.599999999999995,9.813692358508483,0,False,True,1764417050.505913
282,61,-0.002681035698425638,0.041850897256872584,0.0,0.0,-0.04918032786885246,-0.049999999999999954,0.035332059410801926,-0.16354317760396392,2.552904732669228,0.0,0.0,-3.0,-3.049999999999997,2.1552556240589174,0,False,True,1764417059.9877183
283,66,-0.0016648857481692345,0.12029524479012975,0.0,0.0,0.0,-0.04999999999999994,0.17255418275201295,-0.10988245937916948,7.939486156148563,0.0,0.0,0.0,-3.2999999999999963,11.388576061632856,0,True,False,1764417071.0452313
284,78,-0.0038196135200873303,0.09883481901380506,-1.9230769230769231,0.0,0.0,-0.049999999999999926,0.226786741386752,-0.29792985456681176,7.7091158830767945,-150.0,0.0,0.0,-3.899999999999994,17.689365828166657,10,True,False,1764417083.7584198
285,61,-0.0013577745716374951,0.1271824339182832,-2.7049180327868854,0.0,0.0,-0.049999999999999954,0.3500136393431341,-0.08282424886988721,7.7581284690152765,-165.0,0.0,0.0,-3.049999999999997,21.35083199993118,11,True,False,1764417091.603601
286,100,-0.004890881142222029,0.07976498672784389,-4.05,0.0,0.0,-0.049999999999999906,0.28863188427969627,-0.48908811422220294,7.976498672784389,-405.0,0.0,0.0,-4.99999999999999,28.86318842796963,27,True,False,1764417106.4839268
287,36,-0.00271352709183003,0.17990189848889718,0.0,0.0,0.0,-0.050000000000000024,0.0011851696981569843,-0.09768697530588108,6.476468345600298,0.0,0.0,0.0,-1.800000000000001,0.04266610913365143,0,True,False,1764417111.948238
288,43,-0.0029210374842134085,0.04197706227281466,0.0,0.0,-0.06976744186046512,-0.05000000000000001,0.0,-0.12560461182117658,1.8050136777310306,0.0,0.0,-3.0,-2.1500000000000004,0.0,0,False,True,1764417123.76886
289,69,-0.0030009244157278674,0.040217870617419105,0.0,0.0,-0.043478260869565216,-0.04999999999999994,0.10022457356635135,-0.20706378468522285,2.7750330726019183,0.0,0.0,-3.0,-3.4499999999999957,6.915495576078243,0,False,True,1764417136.1663747
290,31,-0.0040687674933442336,0.03647466984814006,0.0,0.0,-0.0967741935483871,-0.050000000000000024,0.0,-0.12613179229367125,1.130714765292342,0.0,0.0,-3.0,-1.5500000000000007,0.0,0,False,True,1764417142.8688347
291,20,-0.003228041034649731,0.03952073410839087,0.0,0.0,-0.15,-0.05000000000000001,0.0,-0.06456082069299462,0.7904146821678174,0.0,0.0,-3.0,-1.0000000000000002,0.0,0,False,True,1764417153.5832179
292,86,-0.0037741851883649463,0.09347240788760752,-4.883720930232558,0.0,0.0,-0.04999999999999991,0.4268879373959972,-0.32457992619938536,8.038627078334247,-420.0,0.0,0.0,-4.299999999999993,36.712362616055756,28,True,False,1764417172.9424765
293,24,-0.002441511545007525,0.24955685825585397,0.0,0.0,0.0,-0.05000000000000002,0.0,-0.0585962770801806,5.9893645981404955,0.0,0.0,0.0,-1.2000000000000004,0.0,0,True,False,1764417176.6300292
294,38,-0.0011562655404601442,0.1767265951547777,0.0,0.0,0.0,-0.050000000000000024,0.024234848670211914,-0.04393809053748548,6.715610615881553,0.0,0.0,0.0,-1.900000000000001,0.9209242494680527,0,True,False,1764417189.6615684
295,21,-0.0028149386634278937,0.04014984305327439,0.0,0.0,-0.14285714285714285,-0.05000000000000001,0.0,-0.059113711931985766,0.8431467041187621,0.0,0.0,-3.0,-1.0500000000000003,0.0,0,False,True,1764417198.4125948
296,83,-0.0018119316200259437,0.10544406724758906,0.0,0.0,0.0,-0.04999999999999992,0.003764527191980649,-0.15039032446215334,8.751857581549892,0.0,0.0,0.0,-4.149999999999993,0.31245575693439387,0,True,False,1764417213.8387554
297,11,-0.001222515682853432,0.4939687340242722,-9.545454545454545,0.0,0.0,-0.049999999999999996,0.7567875590292105,-0.01344767251138775,5.433656074266994,-105.0,0.0,0.0,-0.5499999999999999,8.324663149321315,7,True,False,1764417225.1943634
298,98,-0.0019876417589454265,0.09556374159394887,-1.3775510204081634,0.0,0.0,-0.049999999999999906,0.18404613222598754,-0.19478889237665178,9.36524667620699,-135.0,0.0,0.0,-4.899999999999991,18.036520958146777,9,True,True,1764417246.9146442
299,71,-0.0014209752202173989,0.11598814497824855,-6.549295774647887,0.0,0.0,-0.04999999999999993,0.5058220357211598,-0.10088924063543532,8.235158293455648,-465.0,0.0,0.0,-3.5499999999999954,35.913364536202344,31,True,False,1764417256.368174
300,17,-0.0006478696583154963,0.3368779570900959,-8.823529411764707,0.0,0.0,-0.05000000000000001,0.8029137735553425,-0.011013784191363438,5.72692527053163,-150.0,0.0,0.0,-0.8500000000000002,13.649534150440823,10,True,False,1764417261.401238
301,59,-0.001238374074467328,0.1306750035303094,-0.7627118644067796,0.0,0.0,-0.04999999999999996,0.26630882819556,-0.07306407039357235,7.709825208288255,-45.0,0.0,0.0,-2.9499999999999975,15.712220863538041,3,True,False,1764417274.6541095
302,54,-0.0025457593990125143,0.13439499586327674,-0.8333333333333334,0.0,0.0,-0.04999999999999997,0.14382172689515305,-0.13747100754667577,7.257329776616944,-45.0,0.0,0.0,-2.6999999999999984,7.766373252338264,3,True,False,1764417287.6860893
303,35,-0.0018172884961055644,0.1865696760838996,0.0,0.0,0.0,-0.050000000000000024,0.0,-0.06360509736369475,6.529938662936486,0.0,0.0,0.0,-1.7500000000000009,0.0,0,True,False,1764417295.058163
304,96,-0.0035738678085662236,0.0885434415811167,-1.71875,0.0,0.0,-0.049999999999999906,0.19213397350789915,-0.34309130962235745,8.500170391787202,-165.0,0.0,0.0,-4.799999999999991,18.444861456758318,11,True,False,1764417311.0538635
305,81,-0.004448418944145469,0.03163509800470231,-1.8518518518518519,0.0,-0.037037037037037035,-0.04999999999999992,0.23326964002482445,-0.36032193447578303,2.562442938380887,-150.0,0.0,-3.0,-4.049999999999994,18.89484084201078,10,False,True,1764417320.9364822
306,81,-0.003653432139936897,0.0374729388286052,0.0,0.0,-0.037037037037037035,-0.04999999999999992,0.002369483550707085,-0.29592800333488867,3.0353080451170213,0.0,0.0,-3.0,-4.049999999999994,0.19192816760727388,0,False,True,1764417333.5790555
307,57,-0.002480802101616108,0.041944974734721543,-1.3157894736842106,0.0,-0.05263157894736842,-0.04999999999999996,0.23663304508919167,-0.14140571979211816,2.390863559879128,-75.0,0.0,-3.0,-2.849999999999998,13.488083570083925,5,False,True,1764417340.71976
308,36,-0.004065577538911805,0.17376993224020543,0.0,0.0,0.0,-0.050000000000000024,0.030919825831900734,-0.14636079140082497,6.255717560647396,0.0,0.0,0.0,-1.800000000000001,1.1131137299484264,0,True,False,1764417349.7376373
309,94,-0.0028107276222461056,0.040275992998584004,-1.7553191489361701,0.0,-0.031914893617021274,-0.049999999999999906,0.11622963737778423,-0.2642083964911339,3.785943341866896,-165.0,0.0,-3.0,-4.699999999999991,10.925585913511718,11,False,True,1764417366.8244698
310,14,-0.0019345988719805679,0.04231064437342537,0.0,0.0,-0.21428571428571427,-0.05,0.0,-0.02708438420772795,0.5923490212279552,0.0,0.0,-3.0,-0.7000000000000001,0.0,0,False,True,1764417369.3390026
311,64,-0.004950110265208168,0.032173431964723685,0.0,0.0,-0.046875,-0.04999999999999995,0.0,-0.31680705697332273,2.059099645742316,0.0,0.0,-3.0,-3.1999999999999966,0.0,0,False,True,1764417409.391814
312,58,-0.0013744206824564925,0.1318816295789099,0.0,0.0,0.0,-0.04999999999999996,0.07557844625146452,-0.07971639958247656,7.649134515576774,0.0,0.0,0.0,-2.8999999999999977,4.383549882584942,0,True,False,1764417419.8165267
313,65,-0.0010644984390961614,0.12317193929865007,-1.8461538461538463,0.0,0.0,-0.04999999999999995,0.17268640904594382,-0.06919239854125049,8.006176054412254,-120.0,0.0,0.0,-3.2499999999999964,11.224616587986349,8,True,False,1764417431.2696626
314,16,-0.0008776079719151734,0.3547375725589992,0.0,0.0,0.0,-0.05000000000000001,0.0,-0.014041727550642775,5.675801160943987,0.0,0.0,0.0,-0.8000000000000002,0.0,0,True,False,1764417435.434254
315,44,-0.0052817878803871334,0.029862899075255377,0.0,0.0,-0.06818181818181818,-0.05,0.0,-0.23239866673703388,1.3139675593112365,0.0,0.0,-3.0,-2.2,0.0,0,False,True,1764417447.3559463
316,29,-0.0048483464334733925,0.03276061459363725,0.0,0.0,-0.10344827586206896,-0.050000000000000024,0.01128773400229486,-0.1406020465707284,0.9500578232154803,0.0,0.0,-3.0,-1.4500000000000006,0.3273442860665509,0,False,True,1764417456.8994057
317,70,-0.0011428643402468764,0.1174221688940666,0.0,0.0,0.0,-0.04999999999999993,0.06603168231301018,-0.08000050381728135,8.219551822584663,0.0,0.0,0.0,-3.4999999999999956,4.622217761910712,0,True,False,1764417473.4593034
318,64,-0.0037886123165566136,0.03665015789997955,0.0,0.0,-0.046875,-0.04999999999999995,0.0387332507327129,-0.24247118825962327,2.3456101055986913,0.0,0.0,-3.0,-3.1999999999999966,2.4789280468936257,0,False,True,1764417483.239413
319,19,-0.00137304132136059,0.3057850085025411,0.0,0.0,0.0,-0.05000000000000002,0.08027205111998119,-0.02608778510585121,5.809915161548281,0.0,0.0,0.0,-0.9500000000000003,1.5251689712796426,0,True,False,1764417487.4853327
320,53,-0.0036982065140556152,0.13047834188433577,0.0,0.0,0.0,-0.049999999999999975,8.218025616498896e-05,-0.1960049452449476,6.915352119869796,0.0,0.0,0.0,-2.6499999999999986,0.004355553576744415,0,True,False,1764417501.241492
321,40,-0.002293651487643363,0.1665825402643917,0.0,0.0,0.0,-0.050000000000000024,0.2063580124434071,-0.09174605950573453,6.663301610575668,0.0,0.0,0.0,-2.000000000000001,8.254320497736284,0,True,False,1764417509.2616122
322,50,-0.0012319567158432512,0.14576120328648148,0.0,0.0,0.0,-0.04999999999999998,0.0009632493924930794,-0.061597835792162554,7.288060164324074,0.0,0.0,0.0,-2.499999999999999,0.04816246962465397,0,True,False,1764417520.1394346
323,50,-0.003981859745946784,0.037344683441799885,0.0,0.0,-0.06,-0.04999999999999998,0.14566065899349456,-0.1990929872973392,1.867234172089994,0.0,0.0,-3.0,-2.499999999999999,7.283032949674728,0,False,True,1764417529.5712202
324,72,-0.002933795593296068,0.040900173778604776,-1.4583333333333333,0.0,-0.041666666666666664,-0.04999999999999993,0.10707400474085521,-0.2112332827173169,2.944812512059544,-105.0,0.0,-3.0,-3.599999999999995,7.709328341341575,7,False,True,1764417543.8217828
325,78,-0.003712815218203046,0.03534754550980509,-3.076923076923077,0.0,-0.038461538461538464,-0.049999999999999926,0.1954856941192172,-0.28959958701983757,2.757108549764797,-240.0,0.0,-3.0,-3.899999999999994,15.247884141298941,16,False,True,1764417556.5858684
326,66,-0.0035726258124376196,0.03768877481130114,-1.3636363636363635,0.0,-0.045454545454545456,-0.04999999999999994,0.1243226270822051,-0.23579330362088288,2.487459137545875,-90.0,0.0,-3.0,-3.2999999999999963,8.205293387425536,6,False,True,1764417568.1012845
327,43,-0.005858440117102357,0.02664387896061807,0.0,0.0,-0.06976744186046512,-0.05000000000000001,0.09365134084788594,-0.25191292503540136,1.145686795306577,0.0,0.0,-3.0,-2.1500000000000004,4.027007656459095,0,False,True,1764417574.3990889
328,58,-0.004467199732772266,0.12034787871029748,0.0,0.0,0.0,-0.04999999999999996,0.12413306809677635,-0.25909758450079146,6.980176965197254,0.0,0.0,0.0,-2.8999999999999977,7.199717949613028,0,True,False,1764417585.447874
329,19,-0.0018659826185710346,0.30447782861889694,-11.052631578947368,0.0,0.0,-0.05000000000000002,0.7992733099758244,-0.03545366975284966,5.785078743759042,-210.0,0.0,0.0,-0.9500000000000003,15.186192889540663,14,True,False,1764417591.3179731
330,79,-0.002079188516363466,0.10742764805316206,-1.3291139240506329,0.0,0.0,-0.049999999999999926,0.10745872815161214,-0.1642558927927138,8.486784196199803,-105.0,0.0,0.0,-3.949999999999994,8.489239523977359,7,True,False,1764417612.527648
331,68,-0.0025057092194423745,0.11530235650305935,-0.4411764705882353,0.0,0.0,-0.04999999999999994,0.34796953045455603,-0.17038822692208147,7.840560242208036,-30.0,0.0,0.0,-3.399999999999996,23.66192807090981,2,True,False,1764417644.9308493
332,65,-0.0014641759277464895,0.12224612155019333,-3.230769230769231,0.0,0.0,-0.04999999999999995,0.22484145956238177,-0.09517143530352182,7.945997900762567,-210.0,0.0,0.0,-3.2499999999999964,14.614694871554816,14,True,False,1764417655.8832552
333,76,-0.0012753593827750185,0.11152980756380618,0.0,0.0,0.0,-0.049999999999999926,0.0,-0.09692731309090141,8.47626537484927,0.0,0.0,0.0,-3.7999999999999945,0.0,0,True,False,1764417666.6708975
334,12,-0.005135507562596047,0.028229561455801144,0.0,0.0,-0.25,-0.049999999999999996,0.0,-0.061626090751152565,0.3387547374696137,0.0,0.0,-3.0,-0.6,0.0,0,False,True,1764417668.1016812
335,37,-0.0014669801794907344,0.17972171190115385,0.0,0.0,0.0,-0.050000000000000024,0.0,-0.054278266641157175,6.649703340342692,0.0,0.0,0.0,-1.850000000000001,0.0,0,True,False,1764417681.216172
336,92,-0.0026989488602220564,0.09247765348222649,-2.4456521739130435,0.0,0.0,-0.04999999999999991,0.6283832136109592,-0.24830329514042918,8.507944120364836,-225.0,0.0,0.0,-4.599999999999992,57.81125565220824,15,True,False,1764417696.0832596
337,44,-0.0016391716626158069,0.1580321168271086,-2.3863636363636362,0.0,0.0,-0.05,0.1676170813069496,-0.0721235531550955,6.953413140392779,-105.0,0.0,0.0,-2.2,7.3751515775057825,7,True,False,1764417714.004238
338,61,-0.0012294833496082748,0.12771330467933234,-2.459016393442623,0.0,0.0,-0.049999999999999954,0.20988203005203687,-0.07499848432610476,7.7905115854392735,-150.0,0.0,0.0,-3.049999999999997,12.802803833174249,10,True,False,1764417727.3647287
339,60,-0.0036596009981392837,0.038111680013428524,-3.0,0.0,-0.05,-0.049999999999999954,0.41257312334468055,-0.21957605988835702,2.2867008008057113,-180.0,0.0,-3.0,-2.9999999999999973,24.754387400680834,12,False,True,1764417737.6009545
340,72,-0.004966922206361384,0.03158059239520053,0.0,0.0,-0.041666666666666664,-0.04999999999999993,0.05834683593675272,-0.35761839885801966,2.2738026524544384,0.0,0.0,-3.0,-3.599999999999995,4.200972187446196,0,False,True,1764417748.4713862
341,15,-0.004216194202858542,0.36555893133069756,0.0,0.0,0.0,-0.05000000000000001,0.0,-0.06324291304287813,5.483383969960463,0.0,0.0,0.0,-0.7500000000000001,0.0,0,True,True,1764417752.6716874
342,59,-0.0022982141088003522,0.12701813899145822,0.0,0.0,0.0,-0.04999999999999996,0.03314085325790132,-0.1355946324192208,7.494070200496035,0.0,0.0,0.0,-2.9499999999999975,1.955310342216178,0,True,False,1764417768.0450094
343,16,-0.0024681971372899907,0.3513480794356699,0.0,0.0,0.0,-0.05000000000000001,0.0,-0.03949115419663985,5.621569270970719,0.0,0.0,0.0,-0.8000000000000002,0.0,0,True,False,1764417772.2614698
344,76,-0.0011629125360158685,0.11207560329001783,-4.7368421052631575,0.0,0.0,-0.049999999999999926,0.38686847887421155,-0.088381352737206,8.517745850041354,-360.0,0.0,0.0,-3.7999999999999945,29.402004394440077,24,True,False,1764417788.3699024
345,71,-0.0012936786235643192,0.11646456406426708,-0.4225352112676056,0.0,0.0,-0.04999999999999993,0.11727457221245255,-0.09185118227306667,8.268984048562963,-30.0,0.0,0.0,-3.5499999999999954,8.32649462708413,2,True,False,1764417809.4261458
346,43,-0.0012459828550482937,0.16136840039473963,0.0,0.0,0.0,-0.05000000000000001,0.032438720080171624,-0.05357726276707663,6.938841216973804,0.0,0.0,0.0,-2.1500000000000004,1.3948649634473798,0,True,False,1764417815.693567
347,78,-0.004171154787444687,0.03592683497519842,0.0,0.0,-0.038461538461538464,-0.049999999999999926,0.0,-0.3253500734206856,2.8022931280654766,0.0,0.0,-3.0,-3.899999999999994,0.0,0,False,True,1764417829.842416
348,33,-0.001043762014590077,0.19611664207307963,-1.8181818181818181,0.0,0.0,-0.050000000000000024,0.1909526765659363,-0.03444414648147254,6.471849188411628,-60.0,0.0,0.0,-1.6500000000000008,6.301438326675898,4,True,False,1764417834.570834
349,6,-0.0003114138182219859,0.8666061309812104,0.0,0.0,0.0,-0.049999999999999996,0.0,-0.0018684829093319154,5.199636785887263,0.0,0.0,0.0,-0.3,0.0,0,True,False,1764417842.986521
350,76,-0.0030505026997975455,0.10548588327418609,0.0,0.0,0.0,-0.049999999999999926,0.11245641100483819,-0.23183820518461346,8.016927128838143,0.0,0.0,0.0,-3.7999999999999945,8.546687236367703,0,True,True,1764417861.1340215
351,66,-0.001033236598198073,0.12192294279538667,-1.1363636363636365,0.0,0.0,-0.04999999999999994,0.10288273349926805,-0.06819361548107282,8.04691422449552,-75.0,0.0,0.0,-3.2999999999999963,6.790260410951691,5,True,False,1764417871.658348
352,92,-0.0015127870215409563,0.10004635043016587,-1.9565217391304348,0.0,0.0,-0.04999999999999991,0.1602899091536651,-0.13917640598176798,9.20426423957526,-180.0,0.0,0.0,-4.599999999999992,14.746671642137189,12,True,False,1764417885.344044
353,52,-0.0010909184898447622,0.14201342539511058,0.0,0.0,0.0,-0.049999999999999975,0.0,-0.05672776147192763,7.3846981205457505,0.0,0.0,0.0,-2.5999999999999988,0.0,0,True,False,1764417891.1419778
354,25,-0.00030911804857750854,0.24486079327643195,0.0,0.0,0.0,-0.05000000000000002,0.0,-0.0077279512144377135,6.121519831910799,0.0,0.0,0.0,-1.2500000000000004,0.0,0,True,False,1764417898.1614935
355,52,-0.0007296824970596428,0.1425986727227157,0.0,0.0,0.0,-0.049999999999999975,0.01217585294224549,-0.03794348984710143,7.415130981581216,0.0,0.0,0.0,-2.5999999999999988,0.6331443529967655,0,True,False,1764417912.355301
356,96,-0.0051993445259139745,0.08010337064478841,-2.96875,0.0,0.0,-0.049999999999999906,0.4492280340391175,-0.4991370744877416,7.689923581899688,-285.0,0.0,0.0,-4.799999999999991,43.12589126775528,19,True,False,1764417930.518253
357,105,-0.003039218057375667,0.0835210730855976,-2.857142857142857,0.0,0.0,-0.0499999999999999,0.3870028307058899,-0.319117896024445,8.769712673987748,-300.0,0.0,0.0,-5.249999999999989,40.63529722411844,20,True,False,1764417942.0405624
358,63,-0.0006183061131569759,0.12622359590526402,0.0,0.0,0.0,-0.04999999999999995,0.0008264163030561882,-0.03895328512888948,7.952086542031633,0.0,0.0,0.0,-3.149999999999997,0.052064227092539855,0,True,False,1764417948.9917514
359,45,-0.005978051551808731,0.024778809611877846,-4.666666666666667,0.0,-0.06666666666666667,-0.05,0.3552821541638646,-0.2690123198313929,1.115046432534503,-210.0,0.0,-3.0,-2.25,15.987696937373908,14,False,True,1764417959.9410076
360,63,-0.0038148672292526273,0.03649804603330608,-1.4285714285714286,0.0,-0.047619047619047616,-0.04999999999999995,0.10538639788262251,-0.24033663544291553,2.299376900098283,-90.0,0.0,-3.0,-3.149999999999997,6.6393430666052184,6,False,True,1764417976.4518316
361,78,-0.003954561193713333,0.03337272651099917,-3.6538461538461537,0.0,-0.038461538461538464,-0.049999999999999926,0.30825484210603843,-0.30845577310964,2.6030726678579352,-285.0,0.0,-3.0,-3.899999999999994,24.043877684271,19,False,True,1764417986.9852843
362,72,-0.0009466293203911231,0.11553200675817957,0.0,0.0,0.0,-0.04999999999999993,0.06069367798215086,-0.06815731106816086,8.318304486588929,0.0,0.0,0.0,-3.599999999999995,4.369944814714862,0,True,False,1764417996.8283887
363,50,-0.0044757375962527594,0.034036839692777876,0.0,0.0,-0.06,-0.04999999999999998,0.06235393289458778,-0.22378687981263795,1.701841984638894,0.0,0.0,-3.0,-2.499999999999999,3.117696644729389,0,False,True,1764418005.402372
364,45,-0.0007784521001478813,0.1571818396644405,0.0,0.0,0.0,-0.05,0.0,-0.03503034450665466,7.0731827848998226,0.0,0.0,0.0,-2.25,0.0,0,True,False,1764418018.3048332
365,90,-0.004984471255864577,0.08429036415395964,-0.3333333333333333,0.0,0.0,-0.04999999999999991,0.361349625458091,-0.4486024130278119,7.586132773856368,-30.0,0.0,0.0,-4.499999999999992,32.521466291228194,2,True,False,1764418033.6524441
366,93,-0.00390123107973125,0.03656881356881883,-1.2903225806451613,0.0,-0.03225806451612903,-0.049999999999999906,0.15377093961116964,-0.36281449041500624,3.4008996619001515,-120.0,0.0,-3.0,-4.6499999999999915,14.300697383838777,8,False,True,1764418045.7320678
367,53,-0.004595313178359532,0.03360975320864627,-0.5660377358490566,0.0,-0.05660377358490566,-0.049999999999999975,0.09025489970797237,-0.2435515984530552,1.7813169200582524,-30.0,0.0,-3.0,-2.6499999999999986,4.783509684522536,2,False,True,1764418056.1044347
368,86,-0.0012639249576826901,0.10389834155836142,-0.6976744186046512,0.0,0.0,-0.04999999999999991,0.1891536401743167,-0.10869754636071136,8.935257374019082,-60.0,0.0,0.0,-4.299999999999993,16.267213054991238,4,True,False,1764418097.1670413
369,36,-0.0010756852577331886,0.18407526589298084,0.0,0.0,0.0,-0.050000000000000024,0.00011437351417799038,-0.03872466927839479,6.62670957214731,0.0,0.0,0.0,-1.800000000000001,0.004117446510407654,0,True,False,1764418102.8128238
370,23,-0.00044545204834946076,0.26183659078886984,0.0,0.0,0.0,-0.05000000000000002,0.0,-0.010245397112037598,6.022241588144007,0.0,0.0,0.0,-1.1500000000000004,0.0,0,True,True,1764418110.7872577
371,33,-0.004555073138318709,0.1852009837160823,-2.272727272727273,0.0,0.0,-0.050000000000000024,0.20355524689322918,-0.1503174135645174,6.111632462630715,-75.0,0.0,0.0,-1.6500000000000008,6.717323147476563,5,True,False,1764418121.660984
372,45,-0.0035774598790510883,0.14891922237046148,-2.0,0.0,0.0,-0.05,0.21533777812757735,-0.16098569455729897,6.701365006670767,-90.0,0.0,0.0,-2.25,9.69020001574098,6,True,False,1764418135.0483165
373,14,-0.0003825757125272799,0.3990886662160606,0.0,0.0,0.0,-0.05,0.0,-0.005356059975381919,5.587241327024849,0.0,0.0,0.0,-0.7000000000000001,0.0,0,True,False,1764418144.5513105
374,94,-0.005533872060874139,0.026764440541455093,-1.9148936170212767,0.0,-0.031914893617021274,-0.049999999999999906,0.22785433993566062,-0.5201839737221691,2.515857410896779,-180.0,0.0,-3.0,-4.699999999999991,21.418307953952098,12,False,True,1764418162.7600207
375,63,-0.003027198078640879,0.11463783986203628,-4.523809523809524,0.0,0.0,-0.04999999999999995,0.3521668054417571,-0.19071347895437538,7.222183911308286,-285.0,0.0,0.0,-3.149999999999997,22.186508742830696,19,True,False,1764418171.3925443
376,53,-0.0005631052273522903,0.14095491184257763,0.0,0.0,0.0,-0.049999999999999975,0.0,-0.029844577049671382,7.4706103276566145,0.0,0.0,0.0,-2.6499999999999986,0.0,0,True,False,1764418179.718643
377,62,-0.000732636241631675,0.12662075977570333,-1.4516129032258065,0.0,0.0,-0.049999999999999954,0.3440680500778945,-0.04542344698116385,7.850487106093606,-90.0,0.0,0.0,-3.099999999999997,21.33221910482946,6,True,False,1764418191.6294475
378,32,-0.001248975607683123,0.20092888703468453,0.0,0.0,0.0,-0.050000000000000024,0.0,-0.03996721944585994,6.429724385109905,0.0,0.0,0.0,-1.6000000000000008,0.0,0,True,False,1764418198.7769327
379,52,-0.0026280054963616632,0.1347835226318585,0.0,0.0,0.0,-0.049999999999999975,0.17098493541236837,-0.1366562858108065,7.008743176856641,0.0,0.0,0.0,-2.5999999999999988,8.891216641443155,0,True,False,1764418225.474096
380,61,-0.004560823460670404,0.03367633628487475,0.0,0.0,-0.04918032786885246,-0.049999999999999954,0.029393958263144962,-0.27821023110089466,2.05425651337736,0.0,0.0,-3.0,-3.049999999999997,1.7930314540518426,0,False,True,1764418236.4707258
381,94,-0.0023622180944083346,0.04201922287044363,0.0,0.0,-0.031914893617021274,-0.049999999999999906,0.640447156912493,-0.22204850087438346,3.949806949821701,0.0,0.0,-3.0,-4.699999999999991,60.20203274977434,0,False,True,1764418251.1892188
382,91,-0.0037950599351883954,0.036947103071096915,-1.978021978021978,0.0,-0.03296703296703297,-0.04999999999999991,0.18685378654389698,-0.345350454102144,3.362186379469819,-180.0,0.0,-3.0,-4.549999999999992,17.003694575494624,12,False,True,1764418263.049675
383,91,-0.0012054415652822514,0.10114553115489812,-0.6593406593406593,0.0,0.0,-0.04999999999999991,0.0604575992253256,-0.10969518244068487,9.204243335095729,-60.0,0.0,0.0,-4.549999999999992,5.50164152950463,4,True,False,1764418273.3099587
384,72,-0.00307670545455928,0.039225810084216745,0.0,0.0,-0.041666666666666664,-0.04999999999999993,0.002201313956432777,-0.22152279272826816,2.824258326063606,0.0,0.0,-3.0,-3.599999999999995,0.15849460486315994,0,False,True,1764418282.689652
385,86,-0.0015866337502019163,0.10323702979906725,0.0,0.0,0.0,-0.04999999999999991,2.7672445040784222e-05,-0.1364505025173648,8.878384562719784,0.0,0.0,0.0,-4.299999999999993,0.002379830273507443,0,True,False,1764418293.714425
386,74,-0.00046561415109136836,0.11463770876585838,0.0,0.0,0.0,-0.04999999999999993,0.029256764359025633,-0.03445544718076126,8.48319044867352,0.0,0.0,0.0,-3.699999999999995,2.1650005625678967,0,True,False,1764418302.60729
387,22,-0.005062445923479598,0.02987690985542023,0.0,0.0,-0.13636363636363635,-0.05000000000000002,0.0,-0.11137381031655116,0.6572920168192451,0.0,0.0,-3.0,-1.1000000000000003,0.0,0,False,True,1764418309.3646262
388,18,-0.000251171305167089,0.3212048424907193,0.0,0.0,0.0,-0.05000000000000002,0.0,-0.004521083493007601,5.781687164832947,0.0,0.0,0.0,-0.9000000000000002,0.0,0,True,False,1764418319.194749
389,82,-0.0010060666202730724,0.10621218149894153,-2.1951219512195124,0.0,0.0,-0.04999999999999992,0.20092297509881965,-0.08249746286239194,8.709398882913206,-180.0,0.0,0.0,-4.099999999999993,16.47568395810321,12,True,False,1764418338.138137
390,89,-0.004853684379161812,0.03231132879161243,0.0,0.0,-0.033707865168539325,-0.04999999999999991,0.01017580565536264,-0.43197790974540123,2.8757082624535064,0.0,0.0,-3.0,-4.449999999999992,0.9056467033272749,0,False,True,1764418349.3388567
391,68,-0.002433817436189662,0.11525659438396596,0.0,0.0,0.0,-0.04999999999999994,0.10642836429716569,-0.165499585660897,7.837448418109685,0.0,0.0,0.0,-3.399999999999996,7.237128772207267,0,True,False,1764418357.6504645
392,27,-0.005041282200852026,0.21529449928353994,0.0,0.0,0.0,-0.05000000000000002,0.0,-0.1361146194230047,5.812951480655578,0.0,0.0,0.0,-1.3500000000000005,0.0,0,True,False,1764418364.6734452
393,41,-0.004841369480729061,0.0319617758539985,0.0,0.0,-0.07317073170731707,-0.05000000000000002,0.0,-0.1984961487098915,1.3104328100139386,0.0,0.0,-3.0,-2.0500000000000007,0.0,0,False,True,1764418376.6920965
394,48,-0.004127496125271313,0.1384372803419626,0.0,0.0,0.0,-0.04999999999999999,0.0,-0.19811981401302303,6.644989456414205,0.0,0.0,0.0,-2.3999999999999995,0.0,0,True,False,1764418386.8488588
395,77,-0.002271904512722748,0.10726096413937944,-1.1688311688311688,0.0,0.0,-0.049999999999999926,0.12981661885516863,-0.1749366474796516,8.259094238732217,-90.0,0.0,0.0,-3.8499999999999943,9.995879651847984,6,True,False,1764418402.0012398
396,47,-0.003785453763471501,0.03586099811232607,-1.2765957446808511,0.0,-0.06382978723404255,-0.049999999999999996,0.11069774702584396,-0.17791632688316056,1.6854669112793252,-60.0,0.0,-3.0,-2.3499999999999996,5.202794110214667,4,False,True,1764418410.057647
397,77,-0.003979433041272725,0.03557338062687423,-0.7792207792207793,0.0,-0.03896103896103896,-0.049999999999999926,0.09167714236261691,-0.30641634417799984,2.7391503082693154,-60.0,0.0,-3.0,-3.8499999999999943,7.0591399619215025,4,False,True,1764418435.8061445
398,88,-0.004191208035132666,0.03496078314541449,0.0,0.0,-0.03409090909090909,-0.04999999999999991,0.0002647808490506955,-0.36882630709167463,3.076548916796475,0.0,0.0,-3.0,-4.399999999999992,0.023300714716461206,0,False,True,1764418448.030358
399,85,-0.004964264724400177,0.0322454787914153,0.0,0.0,-0.03529411764705882,-0.04999999999999992,0.0,-0.42196250157401505,2.7408656972703005,0.0,0.0,-3.0,-4.249999999999993,0.0,0,False,True,1764418458.0284183
400,60,-0.0024285649643315628,0.12066064664301374,-1.75,0.0,0.0,-0.049999999999999954,0.18008215499332164,-0.14571389785989378,7.239638798580824,-105.0,0.0,0.0,-2.9999999999999973,10.804929299599298,7,True,False,1764418480.1564355
401,31,-0.004278505829679706,0.19483537992240607,-2.903225806451613,0.0,0.0,-0.050000000000000024,0.21698060883157738,-0.1326336807200709,6.039896777594588,-90.0,0.0,0.0,-1.5500000000000007,6.726398873778899,6,True,False,1764418488.4124808
402,54,-0.00020647774711305447,0.13945302217057273,0.0,0.0,0.0,-0.04999999999999997,0.029255484168547733,-0.011149798344104941,7.530463197210928,0.0,0.0,0.0,-2.6999999999999984,1.5797961451015776,0,True,False,1764418514.0903656
403,18,-0.0005866630157917746,0.3210515616257179,0.0,0.0,0.0,-0.05000000000000002,0.0,-0.010559934284251943,5.778928109262923,0.0,0.0,0.0,-0.9000000000000002,0.0,0,True,False,1764418518.8852074
404,85,-0.0018698527794130733,0.09795415735293865,-3.8823529411764706,0.0,0.0,-0.04999999999999992,0.3129004260559914,-0.15893748625011123,8.326103374999786,-330.0,0.0,0.0,-4.249999999999993,26.59653621475927,22,True,False,1764418533.5431485
405,80,-0.0048378430625222076,0.032661633318702865,0.0,0.0,-0.0375,-0.04999999999999992,0.11211478174738934,-0.3870274450017766,2.612930665496229,0.0,0.0,-3.0,-3.999999999999994,8.969182539791147,0,False,True,1764418544.401747
406,81,-0.00546869083732035,0.0282013206177905,-1.4814814814814814,0.0,-0.037037037037037035,-0.04999999999999992,0.12448955463725196,-0.44296395782294834,2.2843069700410306,-120.0,0.0,-3.0,-4.049999999999994,10.083653925617408,8,False,True,1764418557.0759904
407,84,-0.00019728474315672517,0.1069802630531186,0.0,0.0,0.0,-0.04999999999999992,0.009105812757701972,-0.016571918425164915,8.986342096461962,0.0,0.0,0.0,-4.199999999999993,0.7648882716469656,0,True,False,1764418570.327438
408,50,-0.000498723823121518,0.146410395373138,0.0,0.0,0.0,-0.04999999999999998,0.0,-0.0249361911560759,7.3205197686569,0.0,0.0,0.0,-2.499999999999999,0.0,0,True,False,1764418578.9847622
409,13,-0.0001860693123818613,0.42613040322742807,0.0,0.0,0.0,-0.05,0.0,-0.0024189010609641966,5.539695241956565,0.0,0.0,0.0,-0.65,0.0,0,True,False,1764418585.1003053
410,77,-0.0009429650409451311,0.11015600427158828,0.0,0.0,0.0,-0.049999999999999926,0.0,-0.0726083081527751,8.482012328912298,0.0,0.0,0.0,-3.8499999999999943,0.0,0,True,False,1764418602.0090916
411,63,-0.00011097720499235591,0.1264943699251767,0.0,0.0,0.0,-0.04999999999999995,0.01905167908936984,-0.006991563914518423,7.969145305286133,0.0,0.0,0.0,-3.149999999999997,1.2002557826303,0,True,False,1764418609.953166
412,51,-0.004016098173335818,0.12963870269266156,0.0,0.0,0.0,-0.04999999999999998,0.2717877230688756,-0.20482100684012672,6.611573837325739,0.0,0.0,0.0,-2.549999999999999,13.861173876512657,0,True,False,1764418627.491225
413,71,-0.0005514929548161946,0.11728245161782135,0.0,0.0,0.0,-0.04999999999999993,0.03888771203683385,-0.03915599979194982,8.327054064865315,0.0,0.0,0.0,-3.5499999999999954,2.7610275546152034,0,True,False,1764418638.5957694
414,55,-0.00443389998515723,0.12416545373295887,0.0,0.0,0.0,-0.04999999999999997,0.10711999962078601,-0.24386449918364764,6.829099955312738,0.0,0.0,0.0,-2.7499999999999982,5.891599979143231,0,True,False,1764418648.121355
415,61,-0.003843557061841038,0.035655058009650485,0.0,0.0,-0.04918032786885246,-0.049999999999999954,0.0,-0.23445698077230331,2.1749585385886796,0.0,0.0,-3.0,-3.049999999999997,0.0,0,False,True,1764418660.6904233
416,55,-0.00024804802840526545,0.1377783914502612,0.0,0.0,0.0,-0.04999999999999997,0.02176647536197283,-0.013642641562289599,7.577811529764365,0.0,0.0,0.0,-2.7499999999999982,1.1971561449085057,0,True,False,1764418668.885066
417,61,-0.002854227016836993,0.11806271427560597,-3.442622950819672,0.0,0.0,-0.049999999999999954,0.26900455900330905,-0.1741078480270566,7.201825570811964,-210.0,0.0,0.0,-3.049999999999997,16.409278099201853,14,True,False,1764418678.230137
418,12,-0.0001467915436320751,0.45760536155992954,0.0,0.0,0.0,-0.049999999999999996,0.0,-0.0017614985235849014,5.491264338719154,0.0,0.0,0.0,-0.6,0.0,0,True,False,1764418682.946091
419,6,-0.0004222708033830337,0.8665490413072376,0.0,0.0,0.0,-0.049999999999999996,0.0,-0.002533624820298202,5.199294247843426,0.0,0.0,0.0,-0.3,0.0,0,True,False,1764418692.90202
420,48,-0.001946275014598467,0.14722321094972476,-3.75,0.0,0.0,-0.04999999999999999,0.2619451732358525,-0.09342120070072642,7.066714125586788,-180.0,0.0,0.0,-2.3999999999999995,12.57336831532092,12,True,False,1764418706.109132
421,49,-0.00018393441502108067,0.14873911834639889,0.0,0.0,0.0,-0.04999999999999999,0.0,-0.009012786336032953,7.288216798973545,0.0,0.0,0.0,-2.4499999999999993,0.0,0,True,False,1764418716.7428355
422,51,-0.00010100259140491147,0.1448273487401071,0.0,0.0,0.0,-0.04999999999999998,0.0,-0.005151132161650485,7.386194785745463,0.0,0.0,0.0,-2.549999999999999,0.0,0,True,False,1764418725.9119086
423,85,-0.005589245197018612,0.027688500148237222,-2.2941176470588234,0.0,-0.03529411764705882,-0.04999999999999992,0.1829811178010907,-0.475085841746582,2.353522512600164,-195.0,0.0,-3.0,-4.249999999999993,15.55339501309271,13,False,True,1764418764.9456038
424,31,-4.2945985328356114e-05,0.20692545309206486,0.0,0.0,0.0,-0.050000000000000024,0.0,-0.0013313255451790395,6.4146890458540105,0.0,0.0,0.0,-1.5500000000000007,0.0,0,True,False,1764418770.2698486
425,41,-0.00014744250395564267,0.16829083869691722,0.0,0.0,0.0,-0.05000000000000002,0.0,-0.0060451426621813496,6.8999243865736055,0.0,0.0,0.0,-2.0500000000000007,0.0,0,True,False,1764418780.3721123
426,29,-0.005140414833583167,0.03055939901463151,0.0,0.0,-0.10344827586206896,-0.050000000000000024,0.12967615646556094,-0.14907203017391185,0.8862225714243137,0.0,0.0,-3.0,-1.4500000000000006,3.7606085375012674,0,False,True,1764418789.5844195
427,111,-0.0039354214574496005,0.033931455952689205,-0.6756756756756757,0.0,-0.02702702702702703,-0.04999999999999989,0.1456511947469302,-0.4368317817769056,3.7663916107485016,-75.0,0.0,-3.0,-5.549999999999988,16.16728261690925,5,False,True,1764418811.9207845
428,35,-0.0006094648908926277,0.18821366148838942,-2.142857142857143,0.0,0.0,-0.050000000000000024,0.1615183495397844,-0.021331271181241968,6.587478152093629,-75.0,0.0,0.0,-1.7500000000000009,5.653142233892454,5,True,False,1764418815.953485
429,76,-0.004834815432900489,0.029106686914108455,0.0,0.0,-0.039473684210526314,-0.049999999999999926,0.06210805718811154,-0.3674459729004372,2.2121082054722425,0.0,0.0,-3.0,-3.7999999999999945,4.720212346296477,0,False,True,1764418830.2082644
430,72,-0.0057437234468573715,0.02706138552729457,-0.625,0.0,-0.041666666666666664,-0.04999999999999993,0.18377915439840897,-0.41354808817373073,1.948419757965209,-45.0,0.0,-3.0,-3.599999999999995,13.232099116685447,3,False,True,1764418840.4601297
431,24,-0.0049311492796541645,0.23919536294769492,0.0,0.0,0.0,-0.05000000000000002,0.2933919149227882,-0.11834758271169996,5.740688710744678,0.0,0.0,0.0,-1.2000000000000004,7.041405958146917,0,True,True,1764418847.0760784
432,27,-0.004823277618300805,0.032644572612070266,0.0,0.0,-0.1111111111111111,-0.05000000000000002,0.0,-0.13022849569412173,0.8814034605258972,0.0,0.0,-3.0,-1.3500000000000005,0.0,0,False,True,1764418856.5240645
433,8,-0.004822985574199422,0.029118419044754547,0.0,0.0,-0.375,-0.049999999999999996,0.0,-0.03858388459359537,0.23294735235803637,0.0,0.0,-3.0,-0.39999999999999997,0.0,0,False,True,1764418886.9021313
434,55,-0.0034188801471136,0.038681753797132276,0.0,0.0,-0.05454545454545454,-0.04999999999999997,0.0038085474453340117,-0.188038408091248,2.127496458842275,0.0,0.0,-3.0,-2.7499999999999982,0.20947010949337064,0,False,True,1764418902.5549476
435,34,-0.006154466751364857,0.16902950875989486,-6.617647058823529,0.0,0.0,-0.050000000000000024,0.5416642037307648,-0.20925186954640515,5.747003297836425,-225.0,0.0,0.0,-1.7000000000000008,18.416582926846004,15,True,True,1764418910.3633568
436,51,-0.004837573214782885,0.029024643084796825,-3.823529411764706,0.0,-0.058823529411764705,-0.04999999999999998,0.2718051430245768,-0.2467162339539271,1.480256797324638,-195.0,0.0,-3.0,-2.549999999999999,13.862062294253416,13,False,True,1764418937.3705332
437,59,-0.002732001166937615,0.12546539305928117,-2.542372881355932,0.0,0.0,-0.04999999999999996,0.18974446731871059,-0.1611880688493193,7.402458190497589,-150.0,0.0,0.0,-2.9499999999999975,11.194923571803924,10,True,False,1764418948.903527
438,61,-0.0021260241327827815,0.12088960040111159,-1.4754098360655739,0.0,0.0,-0.049999999999999954,0.1550631390567865,-0.12968747209974968,7.374265624467807,-90.0,0.0,0.0,-3.049999999999997,9.458851482463977,6,True,False,1764418958.6555834
439,45,-0.0022962469260624277,0.15186289746612044,0.0,0.0,0.0,-0.05,0.0,-0.10333111167280924,6.8338303859754195,0.0,0.0,0.0,-2.25,0.0,0,True,False,1764418976.1685803
440,73,-0.004592845045286997,0.03295255236942302,0.0,0.0,-0.0410958904109589,-0.04999999999999993,0.00584365490814735,-0.3352776883059508,2.4055363229678806,0.0,0.0,-3.0,-3.649999999999995,0.42658680829475654,0,False,True,1764418989.2310076
441,12,-0.00041056879366859964,0.4575062106047658,0.0,0.0,0.0,-0.049999999999999996,0.0,-0.004926825524023196,5.49007452725719,0.0,0.0,0.0,-0.6,0.0,0,True,False,1764418992.920587
442,30,-0.001958152521312527,0.04248905410568781,0.0,0.0,-0.1,-0.050000000000000024,0.0,-0.05874457563937581,1.2746716231706343,0.0,0.0,-3.0,-1.5000000000000007,0.0,0,False,True,1764419005.1516035
443,87,-0.0037198354500720776,0.035349153892776375,-3.103448275862069,0.0,-0.034482758620689655,-0.04999999999999991,0.41111959376825385,-0.32362568415627074,3.0753763886715446,-270.0,0.0,-3.0,-4.3499999999999925,35.767404657838085,18,False,True,1764419023.9598799
444,98,-0.004082541673216825,0.03577933159988149,-1.0714285714285714,0.0,-0.030612244897959183,-0.049999999999999906,0.0801432285674726,-0.40008908397524884,3.5063744967883856,-105.0,0.0,-3.0,-4.899999999999991,7.854036399612315,7,False,True,1764419036.837708
445,47,-0.005038368319351774,0.13395003201426983,-7.9787234042553195,0.0,0.0,-0.049999999999999996,0.6137990625675059,-0.23680331100953336,6.295651504670682,-375.0,0.0,0.0,-2.3499999999999996,28.848555940672778,25,True,False,1764419041.6944506
446,86,-0.0027024547541208686,0.041434894958065294,0.0,0.0,-0.03488372093023256,-0.04999999999999991,0.00813433245755201,-0.2324111088543947,3.5634009663936155,0.0,0.0,-3.0,-4.299999999999993,0.6995525913494728,0,False,True,1764419055.80233
447,63,-0.0006269663939456727,0.12618880051407774,-0.47619047619047616,0.0,0.0,-0.04999999999999995,0.06077903854688354,-0.03949888281857738,7.949894432386897,-30.0,0.0,0.0,-3.149999999999997,3.829079428453663,2,True,False,1764419064.5243495
448,75,-0.0008142542136149459,0.11338892418680115,0.0,0.0,0.0,-0.049999999999999926,0.09353937812613253,-0.061069066021120944,8.504169314010086,0.0,0.0,0.0,-3.7499999999999947,7.01545335945994,0,True,False,1764419086.9046137
449,96,-0.0029578787317213824,0.04018309922835676,-1.875,0.0,-0.03125,-0.049999999999999906,0.28236888997875903,-0.2839563582452527,3.8575775259222485,-180.0,0.0,-3.0,-4.799999999999991,27.10741343796087,12,False,True,1764419101.6849368
450,19,-0.0004027627918397051,0.30682004458892465,0.0,0.0,0.0,-0.05000000000000002,0.0,-0.007652493044954397,5.829580847189568,0.0,0.0,0.0,-0.9500000000000003,0.0,0,True,False,1764419104.057482
451,77,-0.004500938634305032,0.035154755827949864,-0.7792207792207793,0.0,-0.03896103896103896,-0.049999999999999926,0.14825115633116612,-0.34657227484148745,2.7069161987521397,-60.0,0.0,-3.0,-3.8499999999999943,11.415339037499791,4,False,True,1764419120.102755
452,13,-0.000431649273734817,0.4260402378196802,0.0,0.0,0.0,-0.05,0.0,-0.005611440558552621,5.538523091655843,0.0,0.0,0.0,-0.65,0.0,0,True,False,1764419122.4781418
453,71,-0.004837847334000615,0.10131707231311696,-2.7464788732394365,0.0,0.0,-0.04999999999999993,0.28296237232125704,-0.3434871607140436,7.1935121342313035,-195.0,0.0,0.0,-3.5499999999999954,20.09032843480925,13,True,True,1764419137.84605
454,104,-0.005357174116094021,0.028334525281971928,-5.480769230769231,0.0,-0.028846153846153848,-0.0499999999999999,0.4725684822836975,-0.5571461080737782,2.9467906293250805,-570.0,0.0,-3.0,-5.1999999999999895,49.14712215750454,38,False,True,1764419152.5126379
455,52,-0.0013516647208433872,0.14109762239555954,-0.28846153846153844,0.0,0.0,-0.049999999999999975,0.061851334537071215,-0.07028656548385613,7.337076364569096,-15.0,0.0,0.0,-2.5999999999999988,3.216269395927703,1,True,False,1764419158.198313
456,15,-0.0017809101362142444,0.3732066225384274,-2.0,0.0,0.0,-0.05000000000000001,0.15670904439846872,-0.026713652043213666,5.598099338076411,-30.0,0.0,0.0,-0.7500000000000001,2.350635665977031,2,True,False,1764419164.3609967
457,41,-0.004062688087107011,0.036601385805617156,0.0,0.0,-0.07317073170731707,-0.05000000000000002,0.002310120671690673,-0.16657021157138746,1.5006568180303035,0.0,0.0,-3.0,-2.0500000000000007,0.09471494753931758,0,False,True,1764419178.0879488
458,10,-0.00045654953589923015,0.5393148973393376,0.0,0.0,0.0,-0.049999999999999996,0.0,-0.004565495358992301,5.393148973393376,0.0,0.0,0.0,-0.49999999999999994,0.0,0,True,False,1764419186.521962
459,67,-0.004430642029020569,0.034788232282346024,-3.3582089552238807,0.0,-0.04477611940298507,-0.04999999999999994,0.2724453272874941,-0.29685301594437813,2.3308115629171837,-225.0,0.0,-3.0,-3.349999999999996,18.253836928262103,15,False,True,1764419202.1666002
460,75,-0.004116230564348396,0.036685019863143806,0.0,0.0,-0.04,-0.049999999999999926,0.0,-0.3087172923261297,2.7513764897357853,0.0,0.0,-3.0,-3.7499999999999947,0.0,0,False,True,1764419213.091883
461,12,-0.0006733399798989345,0.4573498122261126,0.0,0.0,0.0,-0.049999999999999996,0.0,-0.008080079758787214,5.488197746713351,0.0,0.0,0.0,-0.6,0.0,0,True,False,1764419215.797703
462,49,-0.001895781128663691,0.14571146207644636,-1.836734693877551,0.0,0.0,-0.04999999999999999,0.21836663093005956,-0.09289327530452086,7.139861641745872,-90.0,0.0,0.0,-2.4499999999999993,10.699964915572918,6,True,False,1764419241.2123907
463,32,-0.0011702181133663309,0.20100169405006077,0.0,0.0,0.0,-0.050000000000000024,0.0,-0.03744697962772259,6.432054209601945,0.0,0.0,0.0,-1.6000000000000008,0.0,0,True,False,1764419248.966204
464,70,-0.004340511718819108,0.03411019835627036,-1.2857142857142858,0.0,-0.04285714285714286,-0.04999999999999993,0.13786571304491801,-0.3038358203173376,2.3877138849389254,-90.0,0.0,-3.0,-3.4999999999999956,9.65059991314426,6,False,True,1764419263.363916
465,52,-0.0034649316956705443,0.13476131567397245,-2.019230769230769,0.0,0.0,-0.049999999999999975,0.17430758509177452,-0.1801764481748683,7.007588415046568,-105.0,0.0,0.0,-2.5999999999999988,9.063994424772275,7,True,False,1764419270.737584
466,57,-0.0026447519174909438,0.12911024087984185,-1.0526315789473684,0.0,0.0,-0.04999999999999996,0.1651251618970638,-0.15075085929698379,7.359283730150986,-60.0,0.0,0.0,-2.849999999999998,9.412134228132636,4,True,False,1764419281.6586423
467,46,-0.002782969887075995,0.14941002732836722,-2.282608695652174,0.0,0.0,-0.049999999999999996,0.22277869329779598,-0.12801661480549575,6.872861257104892,-105.0,0.0,0.0,-2.3,10.247819891698615,7,True,False,1764419289.328522
468,87,-0.0012521449682844903,0.10330221829095808,-1.0344827586206897,0.0,0.0,-0.04999999999999991,0.11998159977734918,-0.10893661224075066,8.987292991313353,-90.0,0.0,0.0,-4.3499999999999925,10.438399180629379,6,True,False,1764419314.451844
469,17,-0.0002971157130863352,0.3372429724236916,0.0,0.0,0.0,-0.05000000000000001,1.3937569755609363e-06,-0.005050967122467698,5.733130531202757,0.0,0.0,0.0,-0.8500000000000002,2.369386858453592e-05,0,True,False,1764419316.9801817
470,48,-0.0031120386465629778,0.14060575714909496,-5.3125,0.0,0.0,-0.04999999999999999,0.5146603974702536,-0.14937785503502293,6.749076343156558,-255.0,0.0,0.0,-2.3999999999999995,24.70369907857217,17,True,False,1764419332.9407341
471,54,-0.0007055960023757308,0.1391448339886439,0.0,0.0,0.0,-0.04999999999999997,0.0,-0.03810218412828946,7.513821035386772,0.0,0.0,0.0,-2.6999999999999984,0.0,0,True,False,1764419342.6457942
472,32,-0.0010823960025152343,0.20118352338902468,0.0,0.0,0.0,-0.050000000000000024,0.05794752828737233,-0.0346366720804875,6.43787274844879,0.0,0.0,0.0,-1.6000000000000008,1.8543209051959146,0,True,False,1764419353.8787413
473,81,-0.0036212410287705674,0.09667721538445116,-1.2962962962962963,0.0,0.0,-0.04999999999999992,0.5292016677803657,-0.29332052333041597,7.830854446140544,-105.0,0.0,0.0,-4.049999999999994,42.865335090209626,7,True,False,1764419368.2448752
474,46,-0.0015717101332500623,0.15313934208497434,0.0,0.0,0.0,-0.049999999999999996,0.03425397667122799,-0.07229866612950286,7.04440973590882,0.0,0.0,0.0,-2.3,1.5756829268764876,0,True,False,1764419375.1251059
475,71,-0.0017464426010301837,0.11409432094751977,-1.4788732394366197,0.0,0.0,-0.04999999999999993,0.11176075586577504,-0.12399742467314304,8.100696787273904,-105.0,0.0,0.0,-3.5499999999999954,7.935013666470027,7,True,False,1764419399.3489614
476,64,-0.004697227322525128,0.11122824526594666,-1.171875,0.0,0.0,-0.04999999999999995,0.2729841171964952,-0.3006225486416082,7.118607697020586,-75.0,0.0,0.0,-3.1999999999999966,17.47098350057569,5,True,False,1764419433.1130466
477,41,-0.0037770257469446405,0.1593336717707997,0.0,0.0,0.0,-0.05000000000000002,0.3678336993505669,-0.15485805562473026,6.532680542602788,0.0,0.0,0.0,-2.0500000000000007,15.081181673373244,0,True,False,1764419440.0779436
478,86,-0.004332147842338729,0.033220198829553585,-6.627906976744186,0.0,-0.03488372093023256,-0.04999999999999991,0.7090493810622466,-0.37256471444113065,2.856937099341608,-570.0,0.0,-3.0,-4.299999999999993,60.978246771353206,38,False,True,1764419455.5103667
479,89,-0.0024821686545481395,0.04244673547244235,-0.8426966292134831,0.0,-0.033707865168539325,-0.04999999999999991,0.31712532362297347,-0.2209130102547844,3.777759457047369,-75.0,0.0,-3.0,-4.449999999999992,28.224153802444636,5,False,True,1764419468.8707404
480,57,-0.0016079728327431336,0.1324570519294151,0.0,0.0,0.0,-0.04999999999999996,0.06301021792153594,-0.09165445146635862,7.55005195997666,0.0,0.0,0.0,-2.849999999999998,3.5915824215275487,0,True,False,1764419475.4032269
481,75,-0.005380165678436932,0.09242879634630598,-5.0,0.0,0.0,-0.049999999999999926,0.5274149835173143,-0.40351242588276987,6.932159725972949,-375.0,0.0,0.0,-3.7499999999999947,39.556123763798574,25,True,False,1764419487.0964084
482,66,-0.004751121343082068,0.03247191478484053,-1.1363636363636365,0.0,-0.045454545454545456,-0.04999999999999994,0.6218668419876044,-0.31357400864341645,2.143146375799475,-75.0,0.0,-3.0,-3.2999999999999963,41.04321157118189,5,False,True,1764419496.4145172
483,75,-0.0022104401039518967,0.10886523736220208,0.0,0.0,0.0,-0.049999999999999926,0.08296494746569152,-0.16578300779639224,8.164892802165156,0.0,0.0,0.0,-3.7499999999999947,6.222371059926864,0,True,False,1764419506.1427348
484,68,-0.0012057262749604345,0.11862103404007651,-1.5441176470588236,0.0,0.0,-0.04999999999999994,0.1154420756413342,-0.08198938669730954,8.066230314725203,-105.0,0.0,0.0,-3.399999999999996,7.850061143610725,7,True,False,1764419515.7141376
485,87,-0.0023293981858148274,0.09960564681970713,-0.1724137931034483,0.0,0.0,-0.04999999999999991,0.08247085470975313,-0.20265764216588997,8.66569127331452,-15.0,0.0,0.0,-4.3499999999999925,7.174964359748523,1,True,False,1764419527.6830769
486,68,-0.004367567573848369,0.104763239869522,0.0,0.0,0.0,-0.04999999999999994,0.46335880595240503,-0.2969945950216891,7.123900311127496,0.0,0.0,0.0,-3.399999999999996,31.50839880476354,0,True,False,1764419535.070574
487,25,-0.0014535862442925885,0.2437102961138548,0.0,0.0,0.0,-0.05000000000000002,0.0,-0.03633965610731471,6.09275740284637,0.0,0.0,0.0,-1.2500000000000004,0.0,0,True,False,1764419539.4626436
488,14,-0.002875567301854122,0.39447970716677927,0.0,0.0,0.0,-0.05,0.0,-0.04025794222595771,5.5227159003349096,0.0,0.0,0.0,-0.7000000000000001,0.0,0,True,False,1764419548.7357047
489,96,-0.0023510725426786057,0.09379484738253041,0.0,0.0,0.0,-0.049999999999999906,0.1021915019717507,-0.22570296409714613,9.00430534872292,0.0,0.0,0.0,-4.799999999999991,9.810384189288067,0,True,False,1764419567.4401572
490,58,-0.0010609095177360989,0.13232453458604365,0.0,0.0,0.0,-0.04999999999999996,0.0,-0.06153275202869374,7.674823005990532,0.0,0.0,0.0,-2.8999999999999977,0.0,0,True,False,1764419574.129038
491,34,-0.0018830112622216164,0.19018949241671249,0.0,0.0,0.0,-0.050000000000000024,0.059758970782563606,-0.06402238291553496,6.4664427421682245,0.0,0.0,0.0,-1.7000000000000008,2.0318050066071627,0,True,False,1764419581.737788
492,61,-0.003648593421880789,0.11554725379090602,-8.852459016393443,0.0,0.0,-0.049999999999999954,0.4068176194771799,-0.22256419873472813,7.048382481245268,-540.0,0.0,0.0,-3.049999999999997,24.815874788107976,36,True,False,1764419594.1733217
493,44,-0.003440015050717586,0.14892200203891165,-1.0227272727272727,0.0,0.0,-0.05,0.17435897137609196,-0.1513606622315738,6.552568089712112,-45.0,0.0,0.0,-2.2,7.671794740548046,3,True,False,1764419602.7536287
494,66,-0.002165039457321912,0.11730259573016888,-3.6363636363636362,0.0,0.0,-0.04999999999999994,0.29737472157597117,-0.14289260418324617,7.741971318191146,-240.0,0.0,0.0,-3.2999999999999963,19.6267316240141,16,True,False,1764419615.2560668
495,32,-0.0039495026415028505,0.19045512645887877,0.0,0.0,0.0,-0.050000000000000024,0.05848467447393677,-0.12638408452809122,6.094564046684121,0.0,0.0,0.0,-1.6000000000000008,1.8715095831659767,0,True,False,1764419622.998291
496,57,-0.002111768993381357,0.12969125032812498,0.0,0.0,0.0,-0.04999999999999996,0.08238996977456126,-0.12037083262273736,7.392401268703123,0.0,0.0,0.0,-2.849999999999998,4.6962282771499915,0,True,False,1764419638.5428977
497,43,-0.0025581861966501446,0.1566783991538381,0.0,0.0,0.0,-0.05000000000000001,0.0014991937445730645,-0.11000200645595622,6.737171163615039,0.0,0.0,0.0,-2.1500000000000004,0.06446533101664177,0,True,False,1764419646.9154935
498,65,-0.002779629780370769,0.11616369101906344,-2.3076923076923075,0.0,0.0,-0.04999999999999995,0.24844106775708238,-0.18067593572409998,7.550639916239124,-150.0,0.0,0.0,-3.2499999999999964,16.148669404210356,10,True,False,1764419659.8925626
499,44,-0.003560169080253697,0.03680471937819651,-0.3409090909090909,0.0,-0.06818181818181818,-0.05,0.3202281660380084,-0.15664743953116267,1.6194076526406462,-15.0,0.0,-3.0,-2.2,14.09003930567237,1,False,True,1764419667.5674455
500,75,-0.003778649355609349,0.1010455550026925,-1.4,0.0,0.0,-0.049999999999999926,0.12389889389206322,-0.2833987016707012,7.578416625201937,-105.0,0.0,0.0,-3.7499999999999947,9.292417041904741,7,True,False,1764419680.1523364
501,79,-0.002585598154792765,0.10442313644461751,0.0,0.0,0.0,-0.049999999999999926,0.5791616002324231,-0.20426225422862845,8.249427779124783,0.0,0.0,0.0,-3.949999999999994,45.75376641836143,0,True,True,1764419690.3463178
502,69,-0.0011140166624052697,0.11890823922901181,0.0,0.0,0.0,-0.04999999999999994,0.0,-0.07686714970596362,8.204668506801815,0.0,0.0,0.0,-3.4499999999999957,0.0,0,True,False,1764419698.6483574
503,44,-0.0011863821467529723,0.15891594037212772,0.0,0.0,0.0,-0.05,0.0,-0.05220081445713078,6.99230137637362,0.0,0.0,0.0,-2.2,0.0,0,True,False,1764419704.9536774
504,95,-0.0023185275549603757,0.09241658057705611,-4.421052631578948,0.0,0.0,-0.049999999999999906,0.4596055768595528,-0.2202601177212357,8.77957515482033,-420.0,0.0,0.0,-4.749999999999991,43.66252980165751,28,True,False,1764419722.208578
505,83,-0.0022942035354417034,0.10232967872304893,-2.710843373493976,0.0,0.0,-0.04999999999999992,0.18137892619780333,-0.19041889344166138,8.493363334013061,-225.0,0.0,0.0,-4.149999999999993,15.054450874417677,15,True,False,1764419731.2796304
506,94,-0.00228944043431545,0.09379892697913017,-1.9148936170212767,0.0,0.0,-0.049999999999999906,0.16361742917123515,-0.21520740082565232,8.817099136038236,-180.0,0.0,0.0,-4.699999999999991,15.380038342096103,12,True,False,1764419742.4923205
507,77,-0.0013568405174088204,0.11101772971217806,0.0,0.0,0.0,-0.049999999999999926,0.002853863850968721,-0.10447671984047917,8.54836518783771,0.0,0.0,0.0,-3.8499999999999943,0.2197475165245915,0,True,False,1764419751.0859761
508,43,-0.0013307102174968753,0.16164175031920155,0.0,0.0,0.0,-0.05000000000000001,0.0,-0.05722053935236564,6.950595263725667,0.0,0.0,0.0,-2.1500000000000004,0.0,0,True,False,1764419757.1833253
509,73,-0.0027815379713353925,0.10735140760319031,-2.8767123287671232,0.0,0.0,-0.04999999999999993,0.20794848025853063,-0.20305227190748365,7.836652755032893,-210.0,0.0,0.0,-3.649999999999995,15.180239058872736,14,True,False,1764419772.3501902
510,33,-0.0018379991003517693,0.1936626596506806,0.0,0.0,0.0,-0.050000000000000024,0.0,-0.060653970311608386,6.39086776847246,0.0,0.0,0.0,-1.6500000000000008,0.0,0,True,False,1764419779.584551
511,60,-0.0031286857435626108,0.12129598356809156,-0.25,0.0,0.0,-0.049999999999999954,0.19650725339108485,-0.18772114461375664,7.277759014085493,-15.0,0.0,0.0,-2.9999999999999973,11.79043520346509,1,True,False,1764419793.1944187
512,36,-0.0014434886173089179,0.1835782404053835,0.0,0.0,0.0,-0.050000000000000024,0.0,-0.05196559022312104,6.608816654593807,0.0,0.0,0.0,-1.800000000000001,0.0,0,True,False,1764419803.2336779
513,74,-0.002627821849057439,0.10813136207553559,-1.2162162162162162,0.0,0.0,-0.04999999999999993,0.1681444552288025,-0.1944588168302505,8.001720793589634,-90.0,0.0,0.0,-3.699999999999995,12.442689686931386,6,True,False,1764419816.5684857
514,2,-0.005119709726468342,0.014243183691676486,0.0,0.0,-1.5,-0.05,0.0,-0.010239419452936684,0.028486367383352973,0.0,0.0,-3.0,-0.1,0.0,0,False,True,1764419819.2242186
515,54,-0.0021357520975026044,0.13531745024130032,-0.5555555555555556,0.0,0.0,-0.04999999999999997,0.189157444455271,-0.11533061326514063,7.3071423130302176,-30.0,0.0,0.0,-2.6999999999999984,10.214502000584634,2,True,False,1764419837.9726095
516,90,-0.0023006451438884034,0.09798908145387396,-1.5,0.0,0.0,-0.04999999999999991,0.1297405786653834,-0.20705806294995632,8.819017330848656,-135.0,0.0,0.0,-4.499999999999992,11.676652079884507,9,True,False,1764419853.1005945
517,30,-0.002097655142875292,0.20780789136999842,0.0,0.0,0.0,-0.050000000000000024,0.013619641100985213,-0.06292965428625875,6.234236741099952,0.0,0.0,0.0,-1.5000000000000007,0.4085892330295564,0,True,False,1764419856.492984
518,82,-0.0017520472948634796,0.1057137828516102,0.0,0.0,0.0,-0.04999999999999992,0.0,-0.14366787817880533,8.668530193832037,0.0,0.0,0.0,-4.099999999999993,0.0,0,True,False,1764419872.667115
519,89,-0.0033801784408751157,0.038916181800863606,0.0,0.0,-0.033707865168539325,-0.04999999999999991,0.2694285997823527,-0.3008358812378853,3.4635401802768606,0.0,0.0,-3.0,-4.449999999999992,23.97914538062939,0,False,True,1764419886.8959534
520,53,-0.002126637958293595,0.13610493330419277,-1.4150943396226414,0.0,0.0,-0.049999999999999975,0.12770692951552065,-0.11271181178956054,7.213561465122217,-75.0,0.0,0.0,-2.6499999999999986,6.768467264322594,5,True,False,1764419893.6679919
521,62,-0.0020214600646503295,0.124281877757507,0.0,0.0,0.0,-0.049999999999999954,0.06778222093776505,-0.12533052400832043,7.705476420965434,0.0,0.0,0.0,-3.099999999999997,4.202497698141433,0,True,False,1764419904.330938
522,81,-0.002206260260566647,0.10436007414794246,-0.7407407407407407,0.0,0.0,-0.04999999999999992,0.06931172886562136,-0.17870708110589842,8.45316600598334,-60.0,0.0,0.0,-4.049999999999994,5.61425003811533,4,True,False,1764419917.282593
523,79,-0.003305792704906273,0.10061412013116511,-1.8987341772151898,0.0,0.0,-0.049999999999999926,0.2747742071136382,-0.2611576236875956,7.948515490362044,-150.0,0.0,0.0,-3.949999999999994,21.707162361977417,10,True,False,1764419928.7116585
524,103,-0.0030105314122007396,0.08854734164300256,-0.2912621359223301,0.0,0.0,-0.0499999999999999,0.1324152281650705,-0.3100847354566762,9.120376189229264,-30.0,0.0,0.0,-5.14999999999999,13.638768501002263,2,True,False,1764419941.5715623
525,13,-0.006380127357286495,0.4030088499483707,-8.076923076923077,0.0,0.0,-0.05,0.6193609676899339,-0.08294165564472443,5.239115049328819,-105.0,0.0,0.0,-0.65,8.05169257996914,7,True,False,1764419943.9752536
526,29,-0.0032612522085114426,0.2089116160871821,-0.5172413793103449,0.0,0.0,-0.050000000000000024,0.12407581798654714,-0.09457631404683184,6.058436866528281,-15.0,0.0,0.0,-1.4500000000000006,3.598198721609867,1,True,False,1764419956.6083572
527,62,-0.0015862978866856444,0.12525416217886812,0.0,0.0,0.0,-0.049999999999999954,0.047437530903549366,-0.09835046897450996,7.765758055089822,0.0,0.0,0.0,-3.099999999999997,2.941126916020061,0,True,False,1764419971.3372052
528,92,-0.002485814753590833,0.09499413615928563,-2.608695652173913,0.0,0.0,-0.04999999999999991,0.2097274420295367,-0.2286949573303566,8.739460526654279,-240.0,0.0,0.0,-4.599999999999992,19.294924666717375,16,True,False,1764419984.641847
529,93,-0.002001872660074216,0.09705339484877255,0.0,0.0,0.0,-0.049999999999999906,0.06889730821931511,-0.18617415738690207,9.025965720935847,0.0,0.0,0.0,-4.6499999999999915,6.407449664396306,0,True,False,1764419994.876322
530,83,-0.0020835424958975824,0.10367986440284056,-2.5301204819277108,0.0,0.0,-0.04999999999999992,0.25367815982304726,-0.17293402715949935,8.605428745435766,-210.0,0.0,0.0,-4.149999999999993,21.05528726531292,14,True,False,1764420003.5758786
531,63,-0.002871525631778756,0.12013774076117123,-1.6666666666666667,0.0,0.0,-0.04999999999999995,0.22625501247090038,-0.18090611480206162,7.5686776679537875,-105.0,0.0,0.0,-3.149999999999997,14.254065785666723,7,True,False,1764420011.0437117
532,44,-0.001197031660776109,0.15881944998581402,0.0,0.0,0.0,-0.05,0.0,-0.0526693930741488,6.988055799375816,0.0,0.0,0.0,-2.2,0.0,0,True,False,1764420020.4875731
533,78,-0.0016804742245421817,0.10862773187367623,0.0,0.0,0.0,-0.049999999999999926,0.14542248739419153,-0.13107698951429017,8.472963086146747,0.0,0.0,0.0,-3.899999999999994,11.342954016746939,0,True,False,1764420034.0946758
534,51,-0.0019418802739614677,0.1419085053821626,0.0,0.0,0.0,-0.04999999999999998,0.06678360021998621,-0.09903589397203486,7.237333774490292,0.0,0.0,0.0,-2.549999999999999,3.4059636112192964,0,True,False,1764420041.3523636
535,46,-0.001862119261624428,0.15078479006740933,-2.608695652173913,0.0,0.0,-0.049999999999999996,0.19255708046445352,-0.08565748603472369,6.936100343100829,-120.0,0.0,0.0,-2.3,8.857625701364862,8,True,False,1764420053.7532554
536,48,-0.0013403768599133494,0.1495098151220748,0.0,0.0,0.0,-0.04999999999999999,0.00902508557262597,-0.06433808927584077,7.176471125859591,0.0,0.0,0.0,-2.3999999999999995,0.43320410748604654,0,True,False,1764420065.380877
537,88,-0.0018993233346808328,0.1007915334633802,-0.17045454545454544,0.0,0.0,-0.04999999999999991,0.09754677809154871,-0.16714045345191328,8.869654944777457,-15.0,0.0,0.0,-4.399999999999992,8.584116472056287,1,True,False,1764420105.890607
538,105,-0.0025813395409443503,0.08737279067253535,-1.4285714285714286,0.0,0.0,-0.0499999999999999,0.13809843897119645,-0.27104065179915676,9.174143020616212,-150.0,0.0,0.0,-5.249999999999989,14.500336091975626,10,True,False,1764420119.4277465
539,48,-0.0017335855985190765,0.14669747791573043,-2.1875,0.0,0.0,-0.04999999999999999,0.20543133488448406,-0.08321210872891567,7.041478939955061,-105.0,0.0,0.0,-2.3999999999999995,9.860704074455235,7,True,False,1764420124.5189984
540,39,-0.002675542295514959,0.16948789475964463,-0.38461538461538464,0.0,0.0,-0.05000000000000003,0.19615107572827079,-0.10434614952508339,6.610027895626141,-15.0,0.0,0.0,-1.950000000000001,7.649891953402561,1,True,False,1764420134.5079737
541,73,-0.0016504098582685576,0.1135774343097432,0.0,0.0,0.0,-0.04999999999999993,0.02171480490636137,-0.1204799196536047,8.291152704611253,0.0,0.0,0.0,-3.649999999999995,1.58518075816438,0,True,False,1764420147.7415254
542,62,-0.0013474529257081632,0.12662603702127886,0.0,0.0,0.0,-0.049999999999999954,0.005646556561838122,-0.08354208139390612,7.850814295319289,0.0,0.0,0.0,-3.099999999999997,0.35008650683396353,0,True,False,1764420155.9926689
543,45,-0.0032996159331541253,0.14939696525264365,-2.3333333333333335,0.0,0.0,-0.05,0.2392518513449958,-0.14848271699193563,6.722863436368964,-105.0,0.0,0.0,-2.25,10.76633331052481,7,True,False,1764420165.4622056
544,10,-0.002546522675106753,0.5361250573049913,0.0,0.0,0.0,-0.049999999999999996,0.0,-0.025465226751067528,5.3612505730499125,0.0,0.0,0.0,-0.49999999999999994,0.0,0,True,False,1764420172.8355615
545,41,-0.001175114574637699,0.16745804446337337,0.0,0.0,0.0,-0.05000000000000002,0.028773487378460774,-0.048179697560145666,6.865779822998308,0.0,0.0,0.0,-2.0500000000000007,1.1797129825168917,0,True,False,1764420187.2121844
546,43,-0.0013125355464332932,0.1616468837916216,0.0,0.0,0.0,-0.05000000000000001,0.0,-0.056439028496631606,6.950816003039729,0.0,0.0,0.0,-2.1500000000000004,0.0,0,True,False,1764420198.3195498
547,8,-0.0019777753612378315,0.6601054171412138,0.0,0.0,0.0,-0.049999999999999996,0.0,-0.015822202889902652,5.280843337129711,0.0,0.0,0.0,-0.39999999999999997,0.0,0,True,False,1764420203.3903298
548,33,-0.001524613021957891,0.1959395102394504,0.0,0.0,0.0,-0.050000000000000024,0.0,-0.0503122297246104,6.466003837901863,0.0,0.0,0.0,-1.6500000000000008,0.0,0,True,False,1764420217.6874652
549,46,-0.002684558000820552,0.14974648828639006,-1.3043478260869565,0.0,0.0,-0.049999999999999996,0.17028750885013508,-0.12348966803774539,6.888338461173943,-60.0,0.0,0.0,-2.3,7.833225407106213,4,True,False,1764420229.232253
550,7,-0.0016076051465430557,0.7484760902821385,0.0,0.0,0.0,-0.049999999999999996,0.006013503764125947,-0.01125323602580139,5.239332631974969,0.0,0.0,0.0,-0.35,0.04209452634888163,0,True,False,1764420234.1758878
551,90,-0.001578959212588171,0.10068828127048411,0.0,0.0,0.0,-0.04999999999999991,0.02956786794640018,-0.1421063291329354,9.06194531434357,0.0,0.0,0.0,-4.499999999999992,2.6611081151760163,0,True,False,1764420254.4169776
552,94,-0.002550491885900223,0.09477617091072592,-1.7553191489361701,0.0,0.0,-0.049999999999999906,0.15290537812750804,-0.23974623727462097,8.908960065608236,-165.0,0.0,0.0,-4.699999999999991,14.373105543985755,11,True,False,1764420266.5461748
553,37,-0.0014683061587573607,0.17986869227802119,0.0,0.0,0.0,-0.050000000000000024,0.13170797365042225,-0.05432732787402235,6.655141614286784,0.0,0.0,0.0,-1.850000000000001,4.873195025065623,0,True,False,1764420271.4502454
554,61,-0.001980463656188655,0.12487440098543312,-1.4754098360655739,0.0,0.0,-0.049999999999999954,0.13321373121076727,-0.12080828302750797,7.61733846011142,-90.0,0.0,0.0,-3.049999999999997,8.126037603856803,6,True,False,1764420284.4997237
555,37,-0.004208274058773901,0.16924826382937158,-2.4324324324324325,0.0,0.0,-0.050000000000000024,0.3649812600939955,-0.15570614017463436,6.262185761686748,-90.0,0.0,0.0,-1.850000000000001,13.504306623477834,6,True,False,1764420292.1091623
556,32,-0.002148978185700228,0.042525325414534625,0.0,0.0,-0.09375,-0.050000000000000024,0.08983246825632375,-0.0687673019424073,1.360810413265108,0.0,0.0,-3.0,-1.6000000000000008,2.87463898420236,0,False,True,1764420301.1918976
557,69,-0.0016738454849064238,0.04479690603777078,0.0,0.0,-0.043478260869565216,-0.04999999999999994,0.0,-0.11549533845854325,3.0909865166061836,0.0,0.0,-3.0,-3.4499999999999957,0.0,0,False,True,1764420325.5036812
558,30,-0.0011231125527522941,0.21144156915905118,0.0,0.0,0.0,-0.050000000000000024,0.045364894602493586,-0.033693376582568824,6.3432470747715355,0.0,0.0,0.0,-1.5000000000000007,1.3609468380748075,0,True,False,1764420333.4729958
559,38,-0.0023322522350828156,0.17313551060606341,0.0,0.0,0.0,-0.050000000000000024,0.14387734455614845,-0.088625584933147,6.57914940303041,0.0,0.0,0.0,-1.900000000000001,5.467339093133641,0,True,False,1764420344.7567513
560,65,-0.0011340903213270738,0.12290927361425141,0.0,0.0,0.0,-0.04999999999999995,0.013875215870246033,-0.0737158708862598,7.989102784926342,0.0,0.0,0.0,-3.2499999999999964,0.9018890315659921,0,True,False,1764420356.032359
561,80,-0.0031786307463639073,0.03857169197412507,-9.375,0.0,-0.0375,-0.04999999999999992,0.6667941804776264,-0.25429045970911257,3.0857353579300058,-750.0,0.0,-3.0,-3.999999999999994,53.34353443821011,50,False,True,1764420368.3147857
562,47,-0.002596021181913533,0.1466984470555805,-1.9148936170212767,0.0,0.0,-0.049999999999999996,0.1471299389268727,-0.12201299554993604,6.894827011612284,-90.0,0.0,0.0,-2.3499999999999996,6.915107129563017,6,True,False,1764420373.4661567
563,49,-0.0012224571948999008,0.14672505845132094,0.0,0.0,0.0,-0.04999999999999999,0.02766235535359133,-0.05990040255009514,7.189527864114726,0.0,0.0,0.0,-2.4499999999999993,1.3554554123259752,0,True,False,1764420383.7872422
564,84,-0.001861556351571762,0.10340201158389772,-0.8928571428571429,0.0,0.0,-0.04999999999999992,0.07610364121651107,-0.15637073353202802,8.68576897304741,-75.0,0.0,0.0,-4.199999999999993,6.39270586218693,5,True,False,1764420398.9118848
565,30,-0.0009610039962134897,0.21164669214883577,0.0,0.0,0.0,-0.050000000000000024,0.0,-0.02883011988640469,6.349400764465074,0.0,0.0,0.0,-1.5000000000000007,0.0,0,True,False,1764420403.1654649
566,39,-0.0010872931511538722,0.17372128824520353,0.0,0.0,0.0,-0.05000000000000003,0.0,-0.04240443289500102,6.7751302415629375,0.0,0.0,0.0,-1.950000000000001,0.0,0,True,False,1764420426.558916
567,43,-0.002813056151328592,0.041410142371205196,0.0,0.0,-0.06976744186046512,-0.05000000000000001,0.2847335719529903,-0.12096141450712945,1.7806361219618234,0.0,0.0,-3.0,-2.1500000000000004,12.243543593978584,0,False,True,1764420436.5891263
568,61,-0.0030370274372207395,0.1219531843649694,-3.19672131147541,0.0,0.0,-0.049999999999999954,0.5975881038034161,-0.1852586736704651,7.439144246263133,-195.0,0.0,0.0,-3.049999999999997,36.452874332008385,13,True,False,1764420448.383797
569,83,-0.0010681550967561481,0.10694930753231102,0.0,0.0,0.0,-0.04999999999999992,0.009700552102959848,-0.0886568730307603,8.876792525181814,0.0,0.0,0.0,-4.149999999999993,0.8051458245456674,0,True,False,1764420460.9863164
570,74,-0.002404436673172413,0.11001925532799682,-4.45945945945946,0.0,0.0,-0.04999999999999993,0.43725076334769586,-0.17792831381475857,8.141424894271765,-330.0,0.0,0.0,-3.699999999999995,32.35655648772949,22,True,False,1764420469.7301943
571,72,-0.001371588649137649,0.11520313079856057,-0.8333333333333334,0.0,0.0,-0.04999999999999993,0.11487641001850506,-0.09875438273791072,8.294625417496361,-60.0,0.0,0.0,-3.599999999999995,8.271101521332364,4,True,False,1764420490.1572402
572,35,-0.002125776266887382,0.18484727642422147,-3.4285714285714284,0.0,0.0,-0.050000000000000024,0.2639274218885452,-0.07440216934105838,6.469654674847751,-120.0,0.0,0.0,-1.7500000000000009,9.23745976609908,8,True,False,1764420498.5846972
573,70,-0.0009611510440409784,0.11809307308581284,0.0,0.0,0.0,-0.04999999999999993,0.000706319008471443,-0.06728057308286849,8.266515116006898,0.0,0.0,0.0,-3.4999999999999956,0.04944233059300101,0,True,False,1764420512.3532274
574,92,-0.0009675548576126673,0.10132122374697768,0.0,0.0,0.0,-0.04999999999999991,0.024439634480363043,-0.0890150469003654,9.321552584721946,0.0,0.0,0.0,-4.599999999999992,2.2484463721934,0,True,False,1764420524.0549738
575,46,-0.0028225291108487614,0.04160720900843762,-2.9347826086956523,0.0,-0.06521739130434782,-0.049999999999999996,0.39195572925398603,-0.12983633909904302,1.9139316143881304,-135.0,0.0,-3.0,-2.3,18.02996354568336,9,False,True,1764420529.1504002
576,35,-0.0022626040602909928,0.18443628100951787,-2.142857142857143,0.0,0.0,-0.050000000000000024,0.18240758905671364,-0.07919114211018474,6.455269835333126,-75.0,0.0,0.0,-1.7500000000000009,6.384265616984978,5,True,False,1764420537.2695029
577,34,-0.004549283658537458,0.03437596696924823,-3.088235294117647,0.0,-0.08823529411764706,-0.050000000000000024,0.2199088209528217,-0.1546756443902736,1.16878287695444,-105.0,0.0,-3.0,-1.7000000000000008,7.476899912395937,7,False,True,1764420548.0151677
578,28,-0.004219524291583129,0.21318466766226787,-2.142857142857143,0.0,0.0,-0.050000000000000024,0.3715224329343796,-0.1181466801643276,5.9691706945435,-60.0,0.0,0.0,-1.4000000000000006,10.402628122162628,4,True,False,1764420568.2879744
579,52,-0.0030792544712258873,0.13617659634278384,-0.8653846153846154,0.0,0.0,-0.049999999999999975,0.14574634197059208,-0.16012123250374613,7.08118300982476,-45.0,0.0,0.0,-2.5999999999999988,7.578809782470788,3,True,False,1764420579.3759956
580,90,-0.002715877254251868,0.0978263525790926,-1.5,0.0,0.0,-0.04999999999999991,0.15801835452414445,-0.2444289528826681,8.804371732118334,-135.0,0.0,0.0,-4.499999999999992,14.221651907173001,9,True,True,1764420595.29154
581,38,-0.002440431006169507,0.17400463064592966,0.0,0.0,0.0,-0.050000000000000024,0.031323725532689355,-0.09273637823444127,6.612175964545328,0.0,0.0,0.0,-1.900000000000001,1.1903015702421955,0,True,False,1764420600.23996
582,37,-0.002534924707173426,0.04096888642028251,-2.8378378378378377,0.0,-0.08108108108108109,-0.050000000000000024,0.29094652102093593,-0.09379221416541678,1.5158487975504529,-105.0,0.0,-3.0,-1.850000000000001,10.765021277774629,7,False,True,1764420610.882613
583,91,-0.0023028481724634516,0.04381523859880948,-1.4835164835164836,0.0,-0.03296703296703297,-0.04999999999999991,0.25974728602107294,-0.20955918369417412,3.9871867124916625,-135.0,0.0,-3.0,-4.549999999999992,23.637003027917636,9,False,True,1764420627.0172498
584,77,-0.0025661607572833194,0.042122824984952754,-1.948051948051948,0.0,-0.03896103896103896,-0.049999999999999926,0.30783691684595055,-0.1975943783108156,3.243457523841362,-150.0,0.0,-3.0,-3.8499999999999943,23.703442597138192,10,False,True,1764420635.7779198
585,36,-0.0021601690634375312,0.18190133230985606,0.0,0.0,0.0,-0.050000000000000024,0.0,-0.07776608628375112,6.548447963154818,0.0,0.0,0.0,-1.800000000000001,0.0,0,True,False,1764420641.4444575
586,45,-0.002390620670328166,0.1535191168778355,0.0,0.0,0.0,-0.05,0.07633070731210623,-0.10757793016476745,6.908360259502598,0.0,0.0,0.0,-2.25,3.4348818290447802,0,True,False,1764420650.8811846
587,43,-0.0023792454735233615,0.15866507978253402,-2.7906976744186047,0.0,0.0,-0.05000000000000001,0.35348993240850074,-0.10230755536150454,6.822598430648963,-120.0,0.0,0.0,-2.1500000000000004,15.200067093565533,8,True,False,1764420660.2699244
588,42,-0.002187496730222021,0.043475727807108004,0.0,0.0,-0.07142857142857142,-0.05000000000000001,0.0,-0.09187486266932489,1.8259805678985361,0.0,0.0,-3.0,-2.1000000000000005,0.0,0,False,True,1764420671.7115436
589,77,-0.0019579554324521014,0.10961840273820123,-0.38961038961038963,0.0,0.0,-0.049999999999999926,0.05499456842809237,-0.15076256829881182,8.440617010841494,-30.0,0.0,0.0,-3.8499999999999943,4.234581768963112,2,True,False,1764420686.568453
590,59,-0.0020975890572480886,0.12857820452789104,-0.2542372881355932,0.0,0.0,-0.04999999999999996,0.13021220843654466,-0.12375775437763722,7.586114067145571,-15.0,0.0,0.0,-2.9499999999999975,7.6825202977561355,1,True,False,1764420694.4933646
591,92,-0.0021227680712403506,0.044060921197937385,-0.9782608695652174,0.0,-0.03260869565217391,-0.04999999999999991,0.1410457880252239,-0.19529466255411226,4.05360475021024,-90.0,0.0,-3.0,-4.599999999999992,12.9762124983206,6,False,True,1764420708.7717967
592,13,-0.0019022406519319396,0.4240257161585882,0.0,0.0,0.0,-0.05,0.0,-0.024729128475115214,5.512334310061647,0.0,0.0,0.0,-0.65,0.0,0,True,False,1764420720.6178226
593,79,-0.0021312693417157506,0.1068835084262342,-3.7974683544303796,0.0,0.0,-0.049999999999999926,0.7612676502626913,-0.1683702779955443,8.443797165672501,-300.0,0.0,0.0,-3.949999999999994,60.14014437075261,20,True,False,1764420739.3301024
594,49,-0.0017872596519527587,0.1467213691392703,0.0,0.0,0.0,-0.04999999999999999,0.005922588346376142,-0.08757572294568518,7.189347087824245,0.0,0.0,0.0,-2.4499999999999993,0.29020682897243094,0,True,False,1764420771.29365
595,63,-0.0026707900551942664,0.12115583281659975,-2.619047619047619,0.0,0.0,-0.04999999999999995,0.2576793949941678,-0.16825977347723878,7.6328174674457845,-165.0,0.0,0.0,-3.149999999999997,16.233801884632573,11,True,False,1764420783.8208194
596,25,-0.001604952959760528,0.2431304729559215,0.0,0.0,0.0,-0.05000000000000002,0.06189097438870221,-0.0401238239940132,6.078261823898037,0.0,0.0,0.0,-1.2500000000000004,1.5472743597175553,0,True,False,1764420789.611256
597,87,-0.0015998913512828934,0.10330379290597655,0.0,0.0,0.0,-0.04999999999999991,0.0,-0.13919054756161173,8.98742998281996,0.0,0.0,0.0,-4.3499999999999925,0.0,0,True,False,1764420806.3558772
598,67,-0.002785490299883702,0.04183629589584286,0.0,0.0,-0.04477611940298507,-0.04999999999999994,0.09125156386220261,-0.18662785009220803,2.803031825021472,0.0,0.0,-3.0,-3.349999999999996,6.113854778767575,0,False,True,1764420814.5406883
599,48,-0.0022401454186183,0.14669789872598668,-3.75,0.0,0.0,-0.04999999999999999,0.3423803350801376,-0.10752698009367839,7.041499138847361,-180.0,0.0,0.0,-2.3999999999999995,16.434256083846606,12,True,False,1764420822.7266135
600,53,-0.001980311458132826,0.13780896593744799,-2.830188679245283,0.0,0.0,-0.049999999999999975,0.2158201356179397,-0.10495650728103978,7.303875194684743,-150.0,0.0,0.0,-2.6499999999999986,11.438467187750804,10,True,False,1764420833.4616182
601,51,-0.004039805045254106,0.12982487576281707,-5.294117647058823,0.0,0.0,-0.04999999999999998,0.38539871264421294,-0.20603005730795937,6.62106866390367,-270.0,0.0,0.0,-2.549999999999999,19.65533434485486,18,True,False,1764420843.8302236
602,36,-0.0028673771081038947,0.17947069519914458,-2.5,0.0,0.0,-0.050000000000000024,0.34581643193827005,-0.10322557589174021,6.460945027169204,-90.0,0.0,0.0,-1.800000000000001,12.449391549777722,6,True,False,1764420851.2674942
603,49,-0.002425220465785621,0.04332462551259295,-0.30612244897959184,0.0,-0.061224489795918366,-0.04999999999999999,0.09405753559559964,-0.11883580282349543,2.122906650117055,-15.0,0.0,-3.0,-2.4499999999999993,4.6088192441843825,1,False,True,1764420864.1168268
604,26,-0.002101088218540309,0.2341484688695995,-3.4615384615384617,0.0,0.0,-0.05000000000000002,0.2991522716626417,-0.054628293682048044,6.087860190609587,-90.0,0.0,0.0,-1.3000000000000005,7.777959063228684,6,True,False,1764420871.142082
605,56,-0.0014597939765154365,0.13447626928903442,-0.5357142857142857,0.0,0.0,-0.04999999999999997,0.0717881076606606,-0.08174846268486444,7.530671080185927,-30.0,0.0,0.0,-2.799999999999998,4.020134028996994,2,True,False,1764420884.5005841
606,6,-0.000793950030172465,0.8662703617750448,0.0,0.0,0.0,-0.049999999999999996,0.003605936388545691,-0.00476370018103479,5.197622170650269,0.0,0.0,0.0,-0.3,0.021635618331274146,0,True,False,1764420889.01506
607,10,-0.001097335926007126,0.5386984634546054,0.0,0.0,0.0,-0.049999999999999996,0.0,-0.01097335926007126,5.386984634546054,0.0,0.0,0.0,-0.49999999999999994,0.0,0,True,False,1764420898.8113549
608,10,-0.0010564524377075554,0.5386649172525044,0.0,0.0,0.0,-0.049999999999999996,0.0,-0.010564524377075554,5.386649172525044,0.0,0.0,0.0,-0.49999999999999994,0.0,0,True,False,1764420907.576149
609,31,-0.0010996673984460274,0.20612550817270608,0.0,0.0,0.0,-0.050000000000000024,0.0,-0.03408968935182685,6.389890753353889,0.0,0.0,0.0,-1.5500000000000007,0.0,0,True,False,1764422846.1302364
610,88,-0.001318753592732414,0.10273946288299435,-1.1931818181818181,0.0,0.0,-0.04999999999999991,0.09159053173545789,-0.11605031616045242,9.041072733703503,-105.0,0.0,0.0,-4.399999999999992,8.059966792720294,7,True,False,1764422859.1802223
611,88,-0.0021942034015341593,0.09968021390162743,-2.3863636363636362,0.0,0.0,-0.04999999999999991,0.2949562583199039,-0.19308989933500603,8.771858823343214,-210.0,0.0,0.0,-4.399999999999992,25.956150732151546,14,True,True,1764422869.7239351
612,58,-0.0016004568972901002,0.13090780655479436,-2.3275862068965516,0.0,0.0,-0.04999999999999996,0.21519877789990816,-0.0928265000428258,7.5926527801780725,-135.0,0.0,0.0,-2.8999999999999977,12.481529118194674,9,True,False,1764422876.3051138
613,65,-0.0016651314752166543,0.11999190686813217,-2.5384615384615383,0.0,0.0,-0.04999999999999995,0.2912673350288003,-0.10823354588908253,7.799473946428591,-165.0,0.0,0.0,-3.2499999999999964,18.93237677687202,11,True,False,1764422885.7126467
614,61,-0.0026160546484145703,0.12352683869426312,-2.2131147540983607,0.0,0.0,-0.049999999999999954,0.27411971710241934,-0.1595793335532888,7.53513716035005,-135.0,0.0,0.0,-3.049999999999997,16.72130274324758,9,True,False,1764422893.9340463
615,36,-0.002759464498819983,0.17914132684236686,-1.6666666666666667,0.0,0.0,-0.050000000000000024,0.153153344348043,-0.09934072195751938,6.449087766325207,-60.0,0.0,0.0,-1.800000000000001,5.5135203965295485,4,True,False,1764422899.5240595
616,76,-0.0011106399810379415,0.11236604363614973,0.0,0.0,0.0,-0.049999999999999926,0.05299152887419841,-0.08440863855888356,8.53981931634738,0.0,0.0,0.0,-3.7999999999999945,4.027356194439079,0,True,False,1764422913.4017103
617,97,-0.002764280630545338,0.09065110430318966,-3.556701030927835,0.0,0.0,-0.049999999999999906,0.2790054984068071,-0.2681352211628978,8.793157117409397,-345.0,0.0,0.0,-4.849999999999991,27.06353334546029,23,True,False,1764422924.782765
618,50,-0.0017195200127787544,0.14371092123388607,-1.5,0.0,0.0,-0.04999999999999998,0.12323658285188646,-0.08597600063893772,7.185546061694303,-75.0,0.0,0.0,-2.499999999999999,6.161829142594323,5,True,False,1764422930.2075157
619,38,-0.0012709701331513488,0.04536933632911442,0.0,0.0,-0.07894736842105263,-0.050000000000000024,0.0,-0.048296865059751254,1.724034780506348,0.0,0.0,-3.0,-1.900000000000001,0.0,0,False,True,1764422938.3884258
620,19,-0.0011413381681567836,0.3045484949532335,-4.7368421052631575,0.0,0.0,-0.05000000000000002,0.36242867216729335,-0.02168542519497889,5.786421404111437,-90.0,0.0,0.0,-0.9500000000000003,6.886144771178573,6,True,False,1764422944.909374
621,80,-0.0028432743007655607,0.10080739622454778,-0.9375,0.0,0.0,-0.04999999999999992,0.12982424530790895,-0.22746194406124484,8.064591697963822,-75.0,0.0,0.0,-3.999999999999994,10.385939624632716,5,True,False,1764422962.0941327
622,88,-0.002688963142702015,0.09552000265573492,-2.727272727272727,0.0,0.0,-0.04999999999999991,0.20635243352822757,-0.23662875655777732,8.405760233704672,-240.0,0.0,0.0,-4.399999999999992,18.159014150484026,16,True,False,1764422974.1861713
623,68,-0.002505786605686422,0.11553592961873721,-1.9852941176470589,0.0,0.0,-0.04999999999999994,0.1827658585692933,-0.17039348918667668,7.8564432140741305,-135.0,0.0,0.0,-3.399999999999996,12.428078382711945,9,True,False,1764422981.4777052
624,60,-0.0011947287276880617,0.12876021819287373,0.0,0.0,0.0,-0.049999999999999954,0.05634709776061183,-0.0716837236612837,7.7256130915724235,0.0,0.0,0.0,-2.9999999999999973,3.3808258656367096,0,True,False,1764422989.9858592
625,20,-0.0006041482549994505,0.29378289904317817,0.0,0.0,0.0,-0.05000000000000001,3.3313012408522544e-05,-0.01208296509998901,5.875657980863563,0.0,0.0,0.0,-1.0000000000000002,0.0006662602481704509,0,True,False,1764422997.7915113
626,39,-0.0006036085569945609,0.17419489229838866,0.0,0.0,0.0,-0.05000000000000003,0.0,-0.023540733722787876,6.793600799637158,0.0,0.0,0.0,-1.950000000000001,0.0,0,True,False,1764423009.3246107
627,42,-0.0004782283898191141,0.1653061245771234,0.0,0.0,0.0,-0.05000000000000001,0.0004616140247851197,-0.020085592372402792,6.942857232239183,0.0,0.0,0.0,-2.1000000000000005,0.019387789040975028,0,True,False,1764423018.0673668
628,69,-0.002781934855439758,0.11025284141500864,-8.695652173913043,0.0,0.0,-0.04999999999999994,0.5945597983301759,-0.1919535050253433,7.607446057635596,-600.0,0.0,0.0,-3.4499999999999957,41.024626084782135,40,True,False,1764423032.194831
629,27,-0.0015240683156946822,0.22825335046130538,0.0,0.0,0.0,-0.05000000000000002,0.22303858656240255,-0.04114984452375642,6.162840462455245,0.0,0.0,0.0,-1.3500000000000005,6.022041837184869,0,True,False,1764423038.9463537
630,71,-0.0007340692103858775,0.11708116287507764,0.0,0.0,0.0,-0.04999999999999993,0.13126089755877043,-0.0521189139373973,8.312762564130512,0.0,0.0,0.0,-3.5499999999999954,9.319523726672701,0,True,False,1764423052.801982
631,91,-0.004255587034419551,0.035046312656803864,0.0,0.0,-0.03296703296703297,-0.04999999999999991,0.43281861169741237,-0.3872584201321792,3.1892144517691516,0.0,0.0,-3.0,-4.549999999999992,39.386493664464524,0,False,True,1764423062.6462953
632,21,-0.005403990628024623,0.2661893282726142,0.0,0.0,0.0,-0.05000000000000001,0.17925996607125774,-0.11348380318851707,5.5899758937248984,0.0,0.0,0.0,-1.0500000000000003,3.7644592874964125,0,True,True,1764423064.995235
633,5,-0.004258462501078955,1.0231501740043565,0.0,0.0,0.0,-0.05,0.0,-0.02129231250539478,5.115750870021782,0.0,0.0,0.0,-0.25,0.0,0,True,False,1764423073.5054615
634,44,-0.0046032994215981496,0.03388618545928378,-2.727272727272727,0.0,-0.06818181818181818,-0.05,0.21024780613225325,-0.20254517455031856,1.4909921602084861,-120.0,0.0,-3.0,-2.2,9.250903469819143,8,False,True,1764423088.4427407
635,82,-0.0022619757407238636,0.10479092791137219,-0.5487804878048781,0.0,0.0,-0.04999999999999992,0.09936096418028581,-0.1854820107393568,8.59285608873252,-45.0,0.0,0.0,-4.099999999999993,8.147599062783437,3,True,False,1764423103.0856352
636,36,-0.0030643510996783713,0.17524236175335636,-6.25,0.0,0.0,-0.050000000000000024,0.5472639767117752,-0.11031663958842136,6.308725023120829,-225.0,0.0,0.0,-1.800000000000001,19.701503161623908,15,True,False,1764423107.782202
637,64,-0.001730185587990385,0.12036032590079,-2.8125,0.0,0.0,-0.04999999999999995,0.2584373384709946,-0.11073187763138465,7.70306085765056,-180.0,0.0,0.0,-3.1999999999999966,16.539989662143654,12,True,False,1764423122.1804776
638,7,-0.0004542499647869303,0.749680454467221,0.0,0.0,0.0,-0.049999999999999996,0.0,-0.003179749753508512,5.247763181270547,0.0,0.0,0.0,-0.35,0.0,0,True,False,1764423125.5275116
639,46,-0.0021455525437577842,0.1496883123788393,0.0,0.0,0.0,-0.049999999999999996,0.06520913706987956,-0.09869541701285807,6.885662369426608,0.0,0.0,0.0,-2.3,2.99962030521446,0,True,False,1764423139.676997
640,75,-0.0017612040961597802,0.11135600818270293,-2.2,0.0,0.0,-0.049999999999999926,0.2832420965037555,-0.1320903072119835,8.35170061370272,-165.0,0.0,0.0,-3.7499999999999947,21.243157237781663,11,True,False,1764423154.7544932
641,59,-0.0008032317675213715,0.1308448943516309,0.0,0.0,0.0,-0.04999999999999996,0.04181259433481564,-0.04739067428376092,7.719848766746223,0.0,0.0,0.0,-2.9499999999999975,2.4669430657541227,0,True,False,1764423163.9156995
642,41,-0.0009395801150629972,0.16684562419268484,0.0,0.0,0.0,-0.05000000000000002,0.049635332883045974,-0.038522784717582886,6.8406705919000785,0.0,0.0,0.0,-2.0500000000000007,2.035048648204885,0,True,False,1764423172.3784568
643,37,-0.0003732261802885337,0.18116073241017722,0.0,0.0,0.0,-0.050000000000000024,0.0,-0.013809368670675748,6.702947099176557,0.0,0.0,0.0,-1.850000000000001,0.0,0,True,False,1764423181.34453
644,32,-0.0017145582209177885,0.19978286928688055,-2.8125,0.0,0.0,-0.050000000000000024,0.2117508889950411,-0.05486586306936923,6.393051817180178,-90.0,0.0,0.0,-1.6000000000000008,6.776028447841315,6,True,False,1764423190.5708447
645,79,-0.002023994907220576,0.10746164592021765,-1.139240506329114,0.0,0.0,-0.049999999999999926,0.15702567152390337,-0.1598955976704255,8.489470027697195,-90.0,0.0,0.0,-3.949999999999994,12.405028050388365,6,True,False,1764423207.9656594
646,89,-0.0018418383485612876,0.10100604285450396,-1.6853932584269662,0.0,0.0,-0.04999999999999991,0.17600000595720006,-0.1639236130219546,8.989537814050852,-150.0,0.0,0.0,-4.449999999999992,15.664000530190805,10,True,False,1764423219.4491272
647,69,-0.004389266191239788,0.1015517124967006,-7.826086956521739,0.0,0.0,-0.04999999999999994,0.4311830152139069,-0.30285936719554535,7.007068162272342,-540.0,0.0,0.0,-3.4499999999999957,29.751628049759574,36,True,False,1764423228.5009627
648,35,-0.0012693431333667185,0.18783717626277363,0.0,0.0,0.0,-0.050000000000000024,0.0,-0.04442700966783515,6.574301169197077,0.0,0.0,0.0,-1.7500000000000009,0.0,0,True,False,1764423236.7402093
649,35,-0.0023338113244467315,0.18259732544148335,0.0,0.0,0.0,-0.050000000000000024,0.01658048463099121,-0.0816833963556356,6.390906390451917,0.0,0.0,0.0,-1.7500000000000009,0.5803169620846923,0,True,False,1764423248.3687565
650,80,-0.0016921321141440619,0.1071066102464806,0.0,0.0,0.0,-0.04999999999999992,0.14081476252789063,-0.13537056913152495,8.568528819718448,0.0,0.0,0.0,-3.999999999999994,11.26518100223125,0,True,False,1764423265.5532744
651,46,-0.0011468408032357625,0.15441732810647285,0.0,0.0,0.0,-0.049999999999999996,0.0,-0.05275467694884507,7.1031970928977515,0.0,0.0,0.0,-2.3,0.0,0,True,False,1764423271.9503093
652,91,-0.003267989852432638,0.09572872485291833,0.0,0.0,0.0,-0.04999999999999991,0.048325800959031696,-0.2973870765713701,8.711313961615568,0.0,0.0,0.0,-4.549999999999992,4.3976478872718845,0,True,False,1764423312.1256373
653,53,-0.0032035990151667803,0.13447740911776143,-1.6981132075471699,0.0,0.0,-0.049999999999999975,0.13741860620913482,-0.16979074780383935,7.127302683241355,-90.0,0.0,0.0,-2.6499999999999986,7.283186129084145,6,True,False,1764423318.441757
654,63,-0.004101634301748439,0.1137247915432028,-4.523809523809524,0.0,0.0,-0.04999999999999995,0.3050593802018368,-0.25840296101015164,7.164661867221776,-285.0,0.0,0.0,-3.149999999999997,19.21874095271572,19,True,False,1764423352.3129675
655,93,-0.003556683829285615,0.0912578030854711,-2.096774193548387,0.0,0.0,-0.049999999999999906,0.14936288204349552,-0.3307715961235622,8.486975686948812,-195.0,0.0,0.0,-4.6499999999999915,13.890748030045083,13,True,False,1764423365.2407255
656,16,-0.00283654257209563,0.35073723582505884,0.0,0.0,0.0,-0.05000000000000001,0.0003019601438692464,-0.04538468115353008,5.611795773200941,0.0,0.0,0.0,-0.8000000000000002,0.004831362301907943,0,True,False,1764423367.5216074
657,69,-0.0027372590765560533,0.11488537347692232,0.0,0.0,0.0,-0.04999999999999994,0.0,-0.18887087628236768,7.92709076990764,0.0,0.0,0.0,-3.4499999999999957,0.0,0,True,True,1764423383.426549
658,90,-0.0026543671460633835,0.09820304048618247,-1.0,0.0,0.0,-0.04999999999999991,0.07759697595270662,-0.23889304314570453,8.838273643756423,-90.0,0.0,0.0,-4.499999999999992,6.983727835743595,6,True,False,1764423396.6646962
659,53,-0.0024344558406988923,0.13678275390344857,-1.6981132075471699,0.0,0.0,-0.049999999999999975,0.30808889795030037,-0.1290261595570413,7.249485956882775,-90.0,0.0,0.0,-2.6499999999999986,16.32871159136592,6,True,False,1764423404.6443417
660,86,-0.002659960851929776,0.10075495218831387,-0.3488372093023256,0.0,0.0,-0.04999999999999991,0.09630063609470539,-0.22875663326596074,8.664925888194993,-30.0,0.0,0.0,-4.299999999999993,8.281854704144664,2,True,False,1764423418.479838
661,109,-0.0032544573703551737,0.08419409743513485,-0.8256880733944955,0.0,0.0,-0.0499999999999999,0.28734552664142704,-0.35473585336871394,9.177156620429699,-90.0,0.0,0.0,-5.449999999999989,31.32066240391555,6,True,False,1764423430.8209639
662,36,-0.0024874039802180057,0.1809714425183479,0.0,0.0,0.0,-0.050000000000000024,0.0,-0.08954654328784821,6.514971930660525,0.0,0.0,0.0,-1.800000000000001,0.0,0,True,False,1764423434.7463605
663,45,-0.0025559153199105644,0.15356321939446652,0.0,0.0,0.0,-0.05,0.0,-0.1150161893959754,6.9103448727509935,0.0,0.0,0.0,-2.25,0.0,0,True,False,1764423445.8356247
664,58,-0.002492115555280246,0.12806654899844042,-3.103448275862069,0.0,0.0,-0.04999999999999996,0.24865211663989503,-0.14454270220625426,7.4278598419095445,-180.0,0.0,0.0,-2.8999999999999977,14.421822765113912,12,True,False,1764423458.6052344
665,36,-0.0024632544730992653,0.18077965876966035,-1.6666666666666667,0.0,0.0,-0.050000000000000024,0.13914121410370672,-0.08867716103157355,6.508067715707773,-60.0,0.0,0.0,-1.800000000000001,5.009083707733442,4,True,False,1764423471.2996912
666,9,-0.0027392200118292348,0.5905313498200979,0.0,0.0,0.0,-0.049999999999999996,0.0,-0.024652980106463114,5.314782148380881,0.0,0.0,0.0,-0.44999999999999996,0.0,0,True,False,1764423488.6707256
667,60,-0.002148274790117401,0.12735573360118152,0.0,0.0,0.0,-0.049999999999999954,0.02926113156613365,-0.12889648740704407,7.6413440160708905,0.0,0.0,0.0,-2.9999999999999973,1.755667893968019,0,True,False,1764423504.5432465
668,56,-0.0023955754046194994,0.13231520314629622,-1.3392857142857142,0.0,0.0,-0.04999999999999997,0.14175151225042645,-0.13415222265869198,7.409651376192588,-75.0,0.0,0.0,-2.799999999999998,7.938084686023882,5,True,False,1764423514.330745
669,19,-0.0022207942969645926,0.3040695181324444,0.0,0.0,0.0,-0.05000000000000002,0.0,-0.04219509164232726,5.777320844516444,0.0,0.0,0.0,-0.9500000000000003,0.0,0,True,False,1764423520.1750877
670,60,-0.0019576446965387804,0.12764107476292766,-1.25,0.0,0.0,-0.049999999999999954,0.13840862008929306,-0.11745868179232682,7.658464485775659,-75.0,0.0,0.0,-2.9999999999999973,8.304517205357584,5,True,False,1764423546.210334
671,27,-0.0018039330854858582,0.04501186739090187,0.0,0.0,-0.1111111111111111,-0.05000000000000002,0.030223863274474214,-0.04870619330811817,1.2153204195543506,0.0,0.0,-3.0,-1.3500000000000005,0.8160443084108038,0,False,True,1764423552.0752335
672,72,-0.0017282093088511223,0.11475968071881991,0.0,0.0,0.0,-0.04999999999999993,0.0,-0.12443107023728081,8.262697011755034,0.0,0.0,0.0,-3.599999999999995,0.0,0,True,True,1764423567.1650896
673,75,-0.0017564910516452358,0.11192525916926599,0.0,0.0,0.0,-0.049999999999999926,0.017610218009212968,-0.1317368288733927,8.394394437694949,0.0,0.0,0.0,-3.7499999999999947,1.3207663506909726,0,True,False,1764423578.010924
674,92,-0.004524747167727951,0.08382579140070757,-3.75,0.0,0.0,-0.04999999999999991,0.3468703350243247,-0.4162767394309715,7.711972808865097,-345.0,0.0,0.0,-4.599999999999992,31.91207082223787,23,True,False,1764423589.8092732
675,79,-0.0015894885335166775,0.10871790004233509,-1.3291139240506329,0.0,0.0,-0.049999999999999926,0.09694511962760123,-0.12556959414781751,8.588714103344472,-105.0,0.0,0.0,-3.949999999999994,7.658664450580497,7,True,False,1764423598.8813663
676,79,-0.002192451921876114,0.1060930357692445,-2.088607594936709,0.0,0.0,-0.049999999999999926,0.21836616298006983,-0.17320370182821299,8.381349825770316,-165.0,0.0,0.0,-3.949999999999994,17.250926875425517,11,True,False,1764423610.205385
677,71,-0.0015583040242391167,0.11532857519602867,-2.112676056338028,0.0,0.0,-0.04999999999999993,0.17982541959601214,-0.11063958572097729,8.188328838918036,-150.0,0.0,0.0,-3.5499999999999954,12.767604791316863,10,True,False,1764423618.8315446
678,7,-0.0019712191300963328,0.747622710505688,0.0,0.0,0.0,-0.049999999999999996,0.0,-0.01379853391067433,5.233358973539816,0.0,0.0,0.0,-0.35,0.0,0,True,False,1764423622.9068508
679,21,-0.00124366900526727,0.2812862562658059,0.0,0.0,0.0,-0.05000000000000001,0.0,-0.02611704911061267,5.907011381581924,0.0,0.0,0.0,-1.0500000000000003,0.0,0,True,False,1764423637.74233
680,63,-0.0014108477147757473,0.12473039478416567,0.0,0.0,0.0,-0.04999999999999995,0.18602243420479905,-0.08888340603087208,7.858014871402437,0.0,0.0,0.0,-3.149999999999997,11.71941335490234,0,True,False,1764423651.5983465
681,24,-0.0018151059815261288,0.25033980598865774,-1.25,0.0,0.0,-0.05000000000000002,0.21948425615459577,-0.043562543556627094,6.008155343727786,-30.0,0.0,0.0,-1.2000000000000004,5.2676221477102985,2,True,False,1764423656.4374785
682,21,-0.0012322447852666039,0.28130586945139885,0.0,0.0,0.0,-0.05000000000000001,0.0,-0.02587714049059868,5.907423258479375,0.0,0.0,0.0,-1.0500000000000003,0.0,0,True,False,1764423666.376046
683,93,-0.0024280929222725046,0.04288503188816944,0.0,0.0,-0.03225806451612903,-0.049999999999999906,0.2914479854216708,-0.22581264177134294,3.9883079655997578,0.0,0.0,-3.0,-4.6499999999999915,27.10466264421538,0,False,True,1764423683.0271711
684,100,-0.004868518597755778,0.07787307416198734,-4.35,0.0,0.0,-0.049999999999999906,0.5046565608493002,-0.48685185977557777,7.787307416198734,-435.0,0.0,0.0,-4.99999999999999,50.46565608493002,29,True,False,1764423694.1997554
685,73,-0.0013842856033304473,0.11421657905812359,-2.671232876712329,0.0,0.0,-0.04999999999999993,0.20186985917256436,-0.10105284904312266,8.337810271243022,-195.0,0.0,0.0,-3.649999999999995,14.736499719597198,13,True,False,1764423702.5606453
686,91,-0.0028410738745596694,0.09383046420842252,-4.285714285714286,0.0,0.0,-0.04999999999999991,0.3117409724101502,-0.2585377225849299,8.538572242966449,-390.0,0.0,0.0,-4.549999999999992,28.36842848932367,26,True,False,1764423715.9369342
687,86,-0.0019734295484131322,0.10194611413460178,-0.872093023255814,0.0,0.0,-0.04999999999999991,0.1058540099643406,-0.16971494116352936,8.767365815575753,-75.0,0.0,0.0,-4.299999999999993,9.103444856933292,5,True,False,1764423725.4696875
688,7,-0.0021842162051125993,0.7473351911833773,0.0,0.0,0.0,-0.049999999999999996,0.0,-0.015289513435788195,5.231346338283641,0.0,0.0,0.0,-0.35,0.0,0,True,False,1764423726.5857284
689,67,-0.0015190154372681842,0.11983852912858595,-1.5671641791044777,0.0,0.0,-0.04999999999999994,0.2381697721199423,-0.10177403429696834,8.029181451615258,-105.0,0.0,0.0,-3.349999999999996,15.957374732036135,7,True,False,1764423742.4126928
690,23,-0.0011955763631420686,0.26103368458046444,0.0,0.0,0.0,-0.05000000000000002,0.0,-0.02749825635226758,6.0037747453506825,0.0,0.0,0.0,-1.1500000000000004,0.0,0,True,False,1764423747.828554
691,39,-0.0011009354967008891,0.17363178686041986,0.0,0.0,0.0,-0.05000000000000003,4.1135691187130695e-05,-0.042936484371334675,6.771639687556374,0.0,0.0,0.0,-1.950000000000001,0.001604291956298097,0,True,False,1764423757.968391
692,29,-0.0018688960349410126,0.043814736140975814,0.0,0.0,-0.10344827586206896,-0.050000000000000024,0.08636639004987756,-0.05419798501328937,1.2706273480882986,0.0,0.0,-3.0,-1.4500000000000006,2.5046253114464494,0,False,True,1764423767.5470834
693,80,-0.0016382139987351743,0.10677348633044861,-1.6875,0.0,0.0,-0.04999999999999992,0.22207785124753077,-0.13105711989881394,8.541878906435889,-135.0,0.0,0.0,-3.999999999999994,17.76622809980246,9,True,False,1764423781.0248451
694,31,-0.0010603498763162278,0.20617437210770936,0.0,0.0,0.0,-0.050000000000000024,0.007369158392687407,-0.03287084616580306,6.391405535338991,0.0,0.0,0.0,-1.5500000000000007,0.22844391017330962,0,True,False,1764423787.6153438
695,87,-0.00190262632388511,0.10235978122868573,-2.0689655172413794,0.0,0.0,-0.04999999999999991,0.1740588323171953,-0.16552849017800458,8.905300966895659,-180.0,0.0,0.0,-4.3499999999999925,15.14311841159599,12,True,False,1764423806.0464065
696,44,-0.0021363728293097603,0.1571298705629934,-1.7045454545454546,0.0,0.0,-0.05,0.2703093675390757,-0.09400040448962944,6.91371430477171,-75.0,0.0,0.0,-2.2,11.89361217171933,5,True,False,1764423813.3359482
697,58,-0.0029749440020318155,0.03992936518339082,0.0,0.0,-0.05172413793103448,-0.04999999999999996,0.3498185288986284,-0.1725467521178453,2.3159031806366674,0.0,0.0,-3.0,-2.8999999999999977,20.28947467612045,0,False,True,1764423825.6217482
698,58,-0.0007727681425792467,0.13278187991556906,0.0,0.0,0.0,-0.04999999999999996,0.0,-0.0448205522695963,7.701349035103005,0.0,0.0,0.0,-2.8999999999999977,0.0,0,True,False,1764423834.6569407
699,68,-0.0010366417812796617,0.11976945866634386,0.0,0.0,0.0,-0.04999999999999994,0.010889513299310002,-0.07049164112701699,8.144323189311383,0.0,0.0,0.0,-3.399999999999996,0.7404869043530802,0,True,False,1764423847.423659
700,82,-0.0015471652544767165,0.10558636659773413,-0.9146341463414634,0.0,0.0,-0.04999999999999992,0.10908361117362005,-0.12686755086709076,8.658082061014198,-75.0,0.0,0.0,-4.099999999999993,8.944856116236844,5,True,False,1764423871.040986
701,34,-0.0020085655702183672,0.19000144686376308,-3.088235294117647,0.0,0.0,-0.050000000000000024,0.2678108340482585,-0.06829122938742449,6.4600491933679445,-105.0,0.0,0.0,-1.7000000000000008,9.10556835764079,7,True,False,1764423875.9398234
702,90,-0.001625986369142589,0.10084627738568566,-1.5,0.0,0.0,-0.04999999999999991,0.11444993496518473,-0.146338773222833,9.07616496471171,-135.0,0.0,0.0,-4.499999999999992,10.300494146866626,9,True,False,1764423895.687121
703,18,-0.0013523890696301524,0.3201988765989252,0.0,0.0,0.0,-0.05000000000000002,0.0,-0.024343003253342745,5.763579778780654,0.0,0.0,0.0,-0.9000000000000002,0.0,0,True,False,1764423897.812737
704,21,-0.0012152290875397632,0.2814585029385637,0.0,0.0,0.0,-0.05000000000000001,0.0265894241852111,-0.025519810838335027,5.910628561709839,0.0,0.0,0.0,-1.0500000000000003,0.5583779078894331,0,True,False,1764423909.8538105
705,50,-0.0018538555988427377,0.1424752683160871,-2.1,0.0,0.0,-0.04999999999999998,0.30732582294457694,-0.09269277994213689,7.123763415804355,-105.0,0.0,0.0,-2.499999999999999,15.366291147228846,7,True,False,1764423923.2443712
706,34,-0.0014254754349152026,0.19130534488503817,-2.2058823529411766,0.0,0.0,-0.050000000000000024,0.19176357436896338,-0.04846616478711689,6.504381726091298,-75.0,0.0,0.0,-1.7000000000000008,6.519961528544755,5,True,False,1764423931.5290697
707,64,-0.003484989481459821,0.11355924279080795,-4.21875,0.0,0.0,-0.04999999999999995,0.35817124771633085,-0.22303932681342856,7.267791538611709,-270.0,0.0,0.0,-3.1999999999999966,22.922959853845175,18,True,False,1764423945.6995063
708,60,-0.0013301874953500694,0.12800101406116904,0.0,0.0,0.0,-0.049999999999999954,0.3690566196051131,-0.07981124972100416,7.680060843670142,0.0,0.0,0.0,-2.9999999999999973,22.143397176306785,0,True,False,1764423955.7412164
709,48,-0.001591688030609693,0.14855276740453546,0.0,0.0,0.0,-0.04999999999999999,0.10495789043483883,-0.07640102546926526,7.130532835417703,0.0,0.0,0.0,-2.3999999999999995,5.037978740872264,0,True,False,1764423965.4392595
710,76,-0.0016228226296863364,0.10943589420371626,-1.1842105263157894,0.0,0.0,-0.049999999999999926,0.09352203209462362,-0.12333451985616156,8.317127959482436,-90.0,0.0,0.0,-3.7999999999999945,7.107674439191395,6,True,False,1764423991.176933
711,48,-0.0019572997714451847,0.1477123124721458,-1.875,0.0,0.0,-0.04999999999999999,0.1407054114706333,-0.09395038902936886,7.090190998662999,-90.0,0.0,0.0,-2.3999999999999995,6.753859750590399,6,True,False,1764424022.2022326
712,88,-0.0015890427194808045,0.10003508965700915,-2.897727272727273,0.0,0.0,-0.04999999999999991,0.2975306991618442,-0.1398357593143108,8.803087889816805,-255.0,0.0,0.0,-4.399999999999992,26.18270152624229,17,True,False,1764424037.547283
713,29,-0.0011458772197584619,0.04612025700728357,0.0,0.0,-0.10344827586206896,-0.050000000000000024,0.0,-0.03323043937299539,1.3374874532112235,0.0,0.0,-3.0,-1.4500000000000006,0.0,0,False,True,1764424041.952332
714,29,-0.0014864390500387986,0.0453726820962724,0.0,0.0,-0.10344827586206896,-0.050000000000000024,0.0,-0.04310673245112516,1.3158077807918995,0.0,0.0,-3.0,-1.4500000000000006,0.0,0,False,True,1764424052.5970693
715,63,-0.002635586706939171,0.12123983727298707,-0.23809523809523808,0.0,0.0,-0.04999999999999995,0.09991699212760126,-0.16604196253716777,7.638109748198185,-15.0,0.0,0.0,-3.149999999999997,6.29477050403888,1,True,False,1764424065.5570345
716,40,-0.0016437369106680096,0.1689727936939716,-2.25,0.0,0.0,-0.050000000000000024,0.2557808005686265,-0.06574947642672038,6.758911747758865,-90.0,0.0,0.0,-2.000000000000001,10.231232022745061,6,True,False,1764424073.426344
717,59,-0.0012727504992018832,0.13011880306466794,-2.288135593220339,0.0,0.0,-0.04999999999999996,0.19579991929852672,-0.07509227945291111,7.677009380815409,-135.0,0.0,0.0,-2.9499999999999975,11.552195238613077,9,True,False,1764424087.5620246
718,27,-0.002557865785124194,0.22552470122801468,-3.3333333333333335,0.0,0.0,-0.05000000000000002,0.27022193696408403,-0.06906237619835323,6.089166933156396,-90.0,0.0,0.0,-1.3500000000000005,7.295992298030269,6,True,False,1764424096.8515651
719,65,-0.0017026928375072428,0.12167896049331953,0.0,0.0,0.0,-0.04999999999999995,0.1162593233311375,-0.11067503443797079,7.909132432065769,0.0,0.0,0.0,-3.2499999999999964,7.556856016523938,0,True,False,1764424111.7456667
720,9,-0.0016434981382866913,0.5923371026943544,0.0,0.0,0.0,-0.049999999999999996,0.0,-0.014791483244580222,5.331033924249189,0.0,0.0,0.0,-0.44999999999999996,0.0,0,True,False,1764424115.1892424
721,41,-0.0014904065250474934,0.1666893083591859,-0.36585365853658536,0.0,0.0,-0.05000000000000002,0.12211500362718555,-0.06110666752694723,6.834261642726622,-15.0,0.0,0.0,-2.0500000000000007,5.0067151487146075,1,True,False,1764424130.6253464
722,78,-0.0014938563911139622,0.10988710282137462,0.0,0.0,0.0,-0.049999999999999926,1.3970109632469607e-05,-0.11652079850688905,8.571194020067221,0.0,0.0,0.0,-3.899999999999994,0.0010896685513326293,0,True,False,1764424143.5079458
723,37,-0.004883889353457933,0.03230489369839926,0.0,0.0,-0.08108108108108109,-0.050000000000000024,0.0,-0.1807039060779435,1.1952810668407727,0.0,0.0,-3.0,-1.850000000000001,0.0,0,False,True,1764424150.0919857
724,87,-0.0030920737339766658,0.04028664949818041,-1.7241379310344827,0.0,-0.034482758620689655,-0.04999999999999991,0.15679963025524962,-0.26901041485596994,3.5049385063416953,-150.0,0.0,-3.0,-4.3499999999999925,13.641567832206718,10,False,True,1764424166.2081738
725,80,-0.0035298606902185734,0.03865120593620784,-1.3125,0.0,-0.0375,-0.04999999999999992,0.10617862863212235,-0.28238885521748586,3.092096474896627,-105.0,0.0,-3.0,-3.999999999999994,8.494290290569788,7,False,True,1764424176.715391
726,54,-0.003849253088850052,0.12978134975896152,0.0,0.0,0.0,-0.04999999999999997,0.0,-0.2078596667979028,7.008192886983922,0.0,0.0,0.0,-2.6999999999999984,0.0,0,True,False,1764424188.379564
727,26,-0.003192858266599052,0.03969426302903037,0.0,0.0,-0.11538461538461539,-0.05000000000000002,0.0004026580226130077,-0.08301431493157535,1.0320508387547895,0.0,0.0,-3.0,-1.3000000000000005,0.0104691085879382,0,False,True,1764424199.9339983
728,6,-0.0021594691075497705,0.8634701296417462,0.0,0.0,0.0,-0.049999999999999996,0.0,-0.012956814645298622,5.180820777850477,0.0,0.0,0.0,-0.3,0.0,0,True,False,1764424209.6530204
729,94,-0.00336707090222439,0.08896295854920482,-0.9574468085106383,0.0,0.0,-0.049999999999999906,0.12855073693813854,-0.3165046648090927,8.362518103625252,-90.0,0.0,0.0,-4.699999999999991,12.083769272185021,6,True,False,1764424228.7630053
730,76,-0.0026554260979725166,0.1039950005986069,0.0,0.0,0.0,-0.049999999999999926,0.0,-0.20181238344591126,7.903620045494125,0.0,0.0,0.0,-3.7999999999999945,0.0,0,True,False,1764424237.6179106
731,85,-0.0010335327498381566,0.10409862020488037,-0.17647058823529413,0.0,0.0,-0.04999999999999992,0.04222041867977018,-0.0878502837362433,8.84838271741483,-15.0,0.0,0.0,-4.249999999999993,3.5887355877804654,1,True,False,1764424249.2019436
732,39,-0.0010885176615875011,0.17279344743610117,0.0,0.0,0.0,-0.05000000000000003,0.13314227489094943,-0.042452188801912545,6.738944450007946,0.0,0.0,0.0,-1.950000000000001,5.192548720747028,0,True,False,1764424253.8384027
733,72,-0.0018821132541999895,0.11326913708316205,0.0,0.0,0.0,-0.04999999999999993,0.24020222458325755,-0.13551215430239924,8.155377869987667,0.0,0.0,0.0,-3.599999999999995,17.294560169994543,0,True,False,1764424268.3457506
734,15,-0.0007471598162701666,0.3754977199286034,0.0,0.0,0.0,-0.05000000000000001,0.0,-0.0112073972440525,5.632465798929052,0.0,0.0,0.0,-0.7500000000000001,0.0,0,True,False,1764424273.803028
735,54,-0.0009768021439210033,0.1387609572310577,0.0,0.0,0.0,-0.04999999999999997,0.07873696862259932,-0.05274731577173418,7.493091690477115,0.0,0.0,0.0,-2.6999999999999984,4.251796305620363,0,True,False,1764424298.9313068
736,59,-0.0010119005743596476,0.13017626670065244,-0.2542372881355932,0.0,0.0,-0.04999999999999996,0.07787428932198938,-0.059702133887219205,7.680399735338494,-15.0,0.0,0.0,-2.9499999999999975,4.594583069997373,1,True,False,1764424308.8435187
737,43,-0.0015522268488761934,0.044189143231907556,-0.3488372093023256,0.0,-0.06976744186046512,-0.05000000000000001,0.10737875069939463,-0.06674575450167632,1.900133158972025,-15.0,0.0,-3.0,-2.1500000000000004,4.617286280073969,1,False,True,1764424317.1956148
738,38,-0.0013282803449428738,0.17659481406591315,0.0,0.0,0.0,-0.050000000000000024,0.016701128130834155,-0.050474653107829205,6.7106029345047,0.0,0.0,0.0,-1.900000000000001,0.6346428689716979,0,True,False,1764424326.960364
739,58,-0.0014851018100475728,0.13155387945964767,-0.5172413793103449,0.0,0.0,-0.04999999999999996,0.1215075559348166,-0.08613590498275922,7.630125008659565,-30.0,0.0,0.0,-2.8999999999999977,7.047438244219363,2,True,False,1764424340.9216552
740,63,-0.0014002318319423321,0.12412642226028507,-2.380952380952381,0.0,0.0,-0.04999999999999995,0.21863828503813917,-0.08821460541236692,7.81996460239796,-150.0,0.0,0.0,-3.149999999999997,13.774211957402768,10,True,False,1764424351.601679
741,16,-0.00022877842075862506,0.35530751528169485,0.0,0.0,0.0,-0.05000000000000001,0.0,-0.003660454732138001,5.684920244507118,0.0,0.0,0.0,-0.8000000000000002,0.0,0,True,False,1764424356.3383968
742,73,-0.0010784270546619961,0.11465060282334352,-1.2328767123287672,0.0,0.0,-0.04999999999999993,0.2435284630348029,-0.07872517499032572,8.369494006104077,-90.0,0.0,0.0,-3.649999999999995,17.777577801540613,6,True,False,1764424374.9320552
743,87,-0.0019142187455612322,0.1020254827666261,-1.206896551724138,0.0,0.0,-0.04999999999999991,0.3107913179743961,-0.1665370308638272,8.876217000696471,-105.0,0.0,0.0,-4.3499999999999925,27.03884466377246,7,True,False,1764424387.792508
744,55,-0.004312129456203297,0.12016320829670016,-8.454545454545455,0.0,0.0,-0.04999999999999997,0.5047945420340968,-0.23716712009118132,6.6089764563185085,-465.0,0.0,0.0,-2.7499999999999982,27.763699811875323,31,True,False,1764424395.797428
745,67,-0.0038909122012955335,0.10923766894435294,-1.5671641791044777,0.0,0.0,-0.04999999999999994,0.436294853987144,-0.26069111748680074,7.318923819271647,-105.0,0.0,0.0,-3.349999999999996,29.231755217138648,7,True,False,1764424408.2142582
746,29,-0.0016969880354804733,0.21595668978330157,0.0,0.0,0.0,-0.050000000000000024,0.0,-0.049212653028933726,6.262744003715746,0.0,0.0,0.0,-1.4500000000000006,0.0,0,True,False,1764424414.43411
747,91,-0.0035233389260692274,0.08925903678399984,-3.4615384615384617,0.0,0.0,-0.04999999999999991,0.25699737409512047,-0.3206238422722997,8.122572347343985,-315.0,0.0,0.0,-4.549999999999992,23.386761042655962,21,True,False,1764424433.6827006
748,30,-0.001805982044251214,0.20976033928760665,0.0,0.0,0.0,-0.050000000000000024,0.06060878469208087,-0.05417946132753642,6.2928101786282,0.0,0.0,0.0,-1.5000000000000007,1.8182635407624261,0,True,False,1764424437.5219793
749,92,-0.001741604324675291,0.09908245977744916,-2.282608695652174,0.0,0.0,-0.04999999999999991,0.17066402291220242,-0.16022759787012678,9.115586299525322,-210.0,0.0,0.0,-4.599999999999992,15.701090107922623,14,True,False,1764424456.8233798
750,44,-0.0018419034793213192,0.045159436775859436,0.0,0.0,-0.06818181818181818,-0.05,0.0,-0.08104375309013805,1.9870152181378153,0.0,0.0,-3.0,-2.2,0.0,0,False,True,1764424461.8392909
751,18,-0.0018690983687645994,0.3185846795898057,-5.833333333333333,0.0,0.0,-0.05000000000000002,0.4256310721296115,-0.03364377063776279,5.7345242326165025,-105.0,0.0,0.0,-0.9000000000000002,7.661359298333006,7,True,False,1764424471.0684211
752,40,-0.0016039447601410533,0.16934992130268872,0.0,0.0,0.0,-0.050000000000000024,0.028571453527285868,-0.06415779040564214,6.773996852107549,0.0,0.0,0.0,-2.000000000000001,1.1428581410914347,0,True,False,1764424485.0646765
753,55,-0.0013242497779576866,0.13575185495394784,-1.9090909090909092,0.0,0.0,-0.04999999999999997,0.14688917236388366,-0.07283373778767276,7.466352022467131,-105.0,0.0,0.0,-2.7499999999999982,8.078904480013602,7,True,False,1764424498.9383955
754,56,-0.0016350880827097347,0.13312736627299776,0.0,0.0,0.0,-0.04999999999999997,0.2644106276334571,-0.09156493263174514,7.455132511287875,0.0,0.0,0.0,-2.799999999999998,14.806995147473597,0,True,False,1764424511.12054
755,48,-0.0013102368021495456,0.1488696775256755,-3.75,0.0,0.0,-0.04999999999999999,0.3716221778122765,-0.06289136650317818,7.145744521232424,-180.0,0.0,0.0,-2.3999999999999995,17.837864534989272,12,True,False,1764424519.6093166
756,16,-0.0015826547406548484,0.3536399443718179,-4.6875,0.0,0.0,-0.05000000000000001,0.38706138421868,-0.025322475850477574,5.658239109949086,-75.0,0.0,0.0,-0.8000000000000002,6.19298214749888,5,True,False,1764424527.1447773
757,60,-0.002267842707388999,0.043670478025159436,-1.5,0.0,-0.05,-0.049999999999999954,0.43484512724357466,-0.13607056244333993,2.620228681509566,-90.0,0.0,-3.0,-2.9999999999999973,26.09070763461448,6,False,True,1764424543.0843973
758,55,-0.001480732368698314,0.13611605715484346,0.0,0.0,0.0,-0.04999999999999997,0.0006116996955664821,-0.08144028027840727,7.48638314351639,0.0,0.0,0.0,-2.7499999999999982,0.033643483256156514,0,True,False,1764424561.7127018
759,84,-0.0015935131421197155,0.1044442626864461,-0.7142857142857143,0.0,0.0,-0.04999999999999992,0.31593088748360654,-0.1338551039380561,8.773318065661472,-60.0,0.0,0.0,-4.199999999999993,26.538194548622947,4,True,False,1764424576.2673635
760,24,-0.0014131581496951617,0.25100307804474103,-0.625,0.0,0.0,-0.05000000000000002,0.4146500995515407,-0.03391579559268388,6.024073873073785,-15.0,0.0,0.0,-1.2000000000000004,9.951602389236976,1,True,False,1764424581.7643745
761,72,-0.003308574969735935,0.10573744418598205,-1.875,0.0,0.0,-0.04999999999999993,0.2233914928280848,-0.23821739782098733,7.613095981390708,-135.0,0.0,0.0,-3.599999999999995,16.084187483622106,9,True,False,1764424597.7022524
762,27,-0.0012516037300480968,0.22911740030429228,0.0,0.0,0.0,-0.05000000000000002,0.06010156442192872,-0.033793300711298616,6.186169808215892,0.0,0.0,0.0,-1.3500000000000005,1.6227422393920754,0,True,False,1764424603.8207772
763,13,-0.0015287748322233056,0.4229727561537184,-1.1538461538461537,0.0,0.0,-0.05,0.5856031748938286,-0.019874072818902973,5.498645829998339,-15.0,0.0,0.0,-0.65,7.612841273619773,1,True,False,1764424612.690602
764,51,-0.0015464971767884179,0.1424878107701205,-1.4705882352941178,0.0,0.0,-0.04999999999999998,0.16530218713685801,-0.07887135601620932,7.266878349276144,-75.0,0.0,0.0,-2.549999999999999,8.430411543979758,5,True,False,1764424628.7423775
765,49,-0.0015290040102501317,0.1470123305516125,-1.836734693877551,0.0,0.0,-0.04999999999999999,0.13897913755936578,-0.07492119650225645,7.203604197029012,-90.0,0.0,0.0,-2.4499999999999993,6.8099777404089235,6,True,False,1764424638.3427444
766,38,-0.0018395946161052187,0.17500983008996168,-1.1842105263157894,0.0,0.0,-0.050000000000000024,0.16402996619143156,-0.06990459541199831,6.650373543418544,-45.0,0.0,0.0,-1.900000000000001,6.233138715274399,3,True,False,1764424646.831479
767,75,-0.0034602724025302794,0.10123904651826007,-2.4,0.0,0.0,-0.049999999999999926,0.27652794427662686,-0.25952043018977095,7.592928488869505,-180.0,0.0,0.0,-3.7499999999999947,20.739595820747013,12,True,False,1764424684.584793
768,66,-0.0016132833139671642,0.1207738268592033,-1.3636363636363635,0.0,0.0,-0.04999999999999994,0.22441548307501036,-0.10647669872183284,7.971072572707418,-90.0,0.0,0.0,-3.2999999999999963,14.811421882950684,6,True,False,1764424693.9925816
769,102,-0.0025503272914808267,0.08878108720421514,-1.3235294117647058,0.0,0.0,-0.0499999999999999,0.11759480132043171,-0.26013338373104433,9.055670894829944,-135.0,0.0,0.0,-5.09999999999999,11.994669734684035,9,True,False,1764424707.8311627
770,71,-0.0016606269563262243,0.11518907662046356,-2.323943661971831,0.0,0.0,-0.04999999999999993,0.6521714195126669,-0.11790451389916193,8.178424440052913,-165.0,0.0,0.0,-3.5499999999999954,46.30417078539935,11,True,False,1764424715.5997179
771,64,-0.001841643977488362,0.1221698351403746,-1.40625,0.0,0.0,-0.04999999999999995,0.2295608751946575,-0.11786521455925517,7.818869448983975,-90.0,0.0,0.0,-3.1999999999999966,14.69189601245808,6,True,False,1764424726.1534865
772,21,-0.0014607301186110558,0.2808509695026893,0.0,0.0,0.0,-0.05000000000000001,0.4068491152105553,-0.030675332490832173,5.8978703595564745,0.0,0.0,0.0,-1.0500000000000003,8.543831419421661,0,True,False,1764424732.826209
773,85,-0.0014353089751307192,0.10314825781536492,-2.1176470588235294,0.0,0.0,-0.04999999999999992,0.24740329563053703,-0.12200126288611113,8.767601914306018,-180.0,0.0,0.0,-4.249999999999993,21.029280128595648,12,True,False,1764424751.6432528
774,43,-0.001541896909935086,0.16030236037148787,0.0,0.0,0.0,-0.05000000000000001,0.11944829039781585,-0.0663015671272087,6.893001495973978,0.0,0.0,0.0,-2.1500000000000004,5.136276487106081,0,True,False,1764424757.1137419
775,47,-0.0017738852860940742,0.14979094555024502,-2.872340425531915,0.0,0.0,-0.049999999999999996,0.4972626816141407,-0.08337260844642148,7.040174440861517,-135.0,0.0,0.0,-2.3499999999999996,23.371346035864615,9,True,False,1764424767.6948965
776,53,-0.001218766675859122,0.13992875564351495,0.0,0.0,0.0,-0.049999999999999975,0.08085501410604674,-0.06459463382053346,7.416224049106293,0.0,0.0,0.0,-2.6499999999999986,4.285315747620477,0,True,False,1764424778.5860016
777,84,-0.0012814818927823375,0.1038779384749643,-0.8928571428571429,0.0,0.0,-0.04999999999999992,0.1554395749564771,-0.10764447899371635,8.725746831897,-75.0,0.0,0.0,-4.199999999999993,13.056924296344075,5,True,False,1764424791.7502234
778,77,-0.0013409993430664264,0.11103891790468676,0.0,0.0,0.0,-0.049999999999999926,0.003262877309844927,-0.10325694941611484,8.54999667866088,0.0,0.0,0.0,-3.8499999999999943,0.2512415528580594,0,True,False,1764424810.6481674
779,95,-0.003639831772030218,0.08515050170122178,-7.578947368421052,0.0,0.0,-0.049999999999999906,0.5642535993667029,-0.3457840183428707,8.089297661616069,-720.0,0.0,0.0,-4.749999999999991,53.60409193983678,48,True,False,1764424825.636973
780,69,-0.0038017035086579027,0.10467500882409675,-3.4782608695652173,0.0,0.0,-0.04999999999999994,0.2415127872519138,-0.2623175420973953,7.222575608862676,-240.0,0.0,0.0,-3.4499999999999957,16.664382320382053,16,True,False,1764424833.807152
781,63,-0.003666701780099443,0.11357335163774106,-7.380952380952381,0.0,0.0,-0.04999999999999995,0.36385911148949196,-0.2310022121462649,7.155121153177687,-465.0,0.0,0.0,-3.149999999999997,22.923124023837993,31,True,False,1764424843.76591
782,58,-0.0030431914921091774,0.12263059389484167,-2.586206896551724,0.0,0.0,-0.04999999999999996,0.22726000953460782,-0.17650510654233229,7.112574445900817,-150.0,0.0,0.0,-2.8999999999999977,13.181080553007254,10,True,False,1764424853.4073226
783,42,-0.0012957231888446543,0.16161864613590918,-1.7857142857142858,0.0,0.0,-0.05000000000000001,0.1487867702612924,-0.05442037393147548,6.787983137708185,-75.0,0.0,0.0,-2.1000000000000005,6.24904435097428,5,True,False,1764424860.0029514
784,78,-0.0031731953339073763,0.10015953639018149,-6.730769230769231,0.0,0.0,-0.049999999999999926,0.5676544995361724,-0.24750923604477534,7.812443838434156,-525.0,0.0,0.0,-3.899999999999994,44.27705096382145,35,True,False,1764424871.8355963
785,66,-0.003227113474269319,0.11125564118460482,-2.272727272727273,0.0,0.0,-0.04999999999999994,0.21272445167278567,-0.21298948930177505,7.342872318183918,-150.0,0.0,0.0,-3.2999999999999963,14.039813810403855,10,True,False,1764424881.9976113
786,78,-0.0009724387490611486,0.1105936637568449,-1.3461538461538463,0.0,0.0,-0.049999999999999926,0.12239581329164742,-0.07585022242676959,8.626305773033902,-105.0,0.0,0.0,-3.899999999999994,9.546873436748498,7,True,False,1764424893.30403
787,44,-0.0009548135475621535,0.15929281987780433,0.0,0.0,0.0,-0.05,0.0,-0.042011796092734754,7.00888407462339,0.0,0.0,0.0,-2.2,0.0,0,True,False,1764424899.4961007
788,37,-0.001360964370549176,0.17863534349614407,-6.081081081081081,0.0,0.0,-0.050000000000000024,0.4512736755724756,-0.05035568171031951,6.609507709357331,-225.0,0.0,0.0,-1.850000000000001,16.697125996181597,15,True,False,1764424909.1561103
789,60,-0.0010904930998939342,0.12857825531740108,-1.25,0.0,0.0,-0.049999999999999954,0.1399505731041826,-0.06542958599363605,7.714695319044065,-75.0,0.0,0.0,-2.9999999999999973,8.397034386250956,5,True,False,1764424922.9052742
790,39,-0.0010331101975032781,0.17349396162508088,0.0,0.0,0.0,-0.05000000000000003,0.0,-0.04029129770262785,6.766264503378154,0.0,0.0,0.0,-1.950000000000001,0.0,0,True,False,1764424931.7056332
791,64,-0.003006487162322091,0.11457325981267813,-2.109375,0.0,0.0,-0.04999999999999995,0.18587051054821516,-0.19241517838861383,7.3326886280114,-135.0,0.0,0.0,-3.1999999999999966,11.89571267508577,9,True,False,1764424945.07089
792,27,-0.0011137286130739178,0.22957653899196426,-0.5555555555555556,0.0,0.0,-0.05000000000000002,0.14172548035447885,-0.03007067255299578,6.198566552783035,-15.0,0.0,0.0,-1.3500000000000005,3.826587969570929,1,True,False,1764424950.1936116
793,57,-0.0008628322374759125,0.1340515044052003,0.0,0.0,0.0,-0.04999999999999996,0.0015928533994256939,-0.04918143753612701,7.640935751096418,0.0,0.0,0.0,-2.849999999999998,0.09079264376726455,0,True,False,1764424964.6119895
794,52,-0.0013177494765209364,0.14119614031094344,-1.4423076923076923,0.0,0.0,-0.049999999999999975,0.14311399433302455,-0.0685229727790887,7.342199296169058,-75.0,0.0,0.0,-2.5999999999999988,7.441927705317276,5,True,False,1764424974.3553133
795,56,-0.0013397720152844976,0.13272157971935256,-1.6071428571428572,0.0,0.0,-0.04999999999999997,0.278737146356826,-0.07502723285593187,7.432408464283743,-90.0,0.0,0.0,-2.799999999999998,15.609280195982256,6,True,False,1764424997.4301925
796,8,-0.0018861374873788807,0.6603175075019732,0.0,0.0,0.0,-0.049999999999999996,0.0,-0.015089099899031046,5.282540060015785,0.0,0.0,0.0,-0.39999999999999997,0.0,0,True,False,1764425004.7432995
797,84,-0.0027442152865585433,0.09832404486701322,-1.0714285714285714,0.0,0.0,-0.04999999999999992,0.3354796580966684,-0.23051408407091764,8.25921976882911,-90.0,0.0,0.0,-4.199999999999993,28.180291280120148,6,True,False,1764425030.0382495
798,15,-0.0013714696413352797,0.37459338993191954,0.0,0.0,0.0,-0.05000000000000001,0.0,-0.020572044620029196,5.618900848978793,0.0,0.0,0.0,-0.7500000000000001,0.0,0,True,False,1764425032.9318862
799,80,-0.001110554445208956,0.10908095107244806,0.0,0.0,0.0,-0.04999999999999992,0.0,-0.08884435561671648,8.726476085795845,0.0,0.0,0.0,-3.999999999999994,0.0,0,True,False,1764425057.8679843
800,32,-0.0014982393586199978,0.20062141771464312,0.0,0.0,0.0,-0.050000000000000024,0.0,-0.04794365947583993,6.41988536686858,0.0,0.0,0.0,-1.6000000000000008,0.0,0,True,False,1764425062.4477215
801,50,-0.0035609434406788415,0.13235542285782734,-7.2,0.0,0.0,-0.04999999999999998,0.410848678931354,-0.17804717203394207,6.6177711428913675,-360.0,0.0,0.0,-2.499999999999999,20.5424339465677,24,True,False,1764425078.4504762
802,81,-0.0012927964775293283,0.10624871635478583,-4.444444444444445,0.0,0.0,-0.04999999999999992,0.34275862466524926,-0.1047165146798756,8.606146024737653,-360.0,0.0,0.0,-4.049999999999994,27.76344859788519,24,True,False,1764425097.8294249
803,57,-0.0024390147286013084,0.12908819751575218,-1.3157894736842106,0.0,0.0,-0.04999999999999996,0.11696401063108547,-0.13902383953027458,7.358027258397874,-75.0,0.0,0.0,-2.849999999999998,6.6669486059718714,5,True,False,1764425124.7959177
804,63,-0.0009363431288958401,0.12566692232570334,0.0,0.0,0.0,-0.04999999999999995,0.0018116342312067889,-0.05898961712043793,7.917016106519311,0.0,0.0,0.0,-3.149999999999997,0.1141329565660277,0,True,False,1764425138.5647688
805,81,-0.0010601521761942252,0.10659229568940136,-1.2962962962962963,0.0,0.0,-0.04999999999999992,0.09303664602085723,-0.08587232627173223,8.63397595084151,-105.0,0.0,0.0,-4.049999999999994,7.535968327689436,7,True,False,1764425153.4978437
806,86,-0.0010797878627709,0.1043340730913549,-0.872093023255814,0.0,0.0,-0.04999999999999991,0.15088158827815348,-0.09286175619829741,8.972730285856521,-75.0,0.0,0.0,-4.299999999999993,12.9758165919212,5,True,False,1764425165.2515006
807,21,-0.0014132188647137574,0.28070286722763643,0.0,0.0,0.0,-0.05000000000000001,0.0,-0.029677596158988902,5.8947602117803655,0.0,0.0,0.0,-1.0500000000000003,0.0,0,True,False,1764425168.6860003
808,70,-0.0009787297468134809,0.11785387472064274,0.0,0.0,0.0,-0.04999999999999993,0.3126404872028066,-0.06851108227694366,8.249771230444992,0.0,0.0,0.0,-3.4999999999999956,21.884834104196464,0,True,False,1764425187.0112653
809,23,-0.0011359457758173192,0.26112695996127455,0.0,0.0,0.0,-0.05000000000000002,0.0,-0.02612675284379834,6.005920079109314,0.0,0.0,0.0,-1.1500000000000004,0.0,0,True,False,1764425192.748177
810,82,-0.0010162777210028671,0.10763660143830034,0.0,0.0,0.0,-0.04999999999999992,0.025938688524144073,-0.08333477312223511,8.826201317940628,0.0,0.0,0.0,-4.099999999999993,2.126972458979814,0,True,False,1764425213.359506
811,14,-0.0015754451289664293,0.3976195914040334,0.0,0.0,0.0,-0.05,0.22944143088864896,-0.02205623180553001,5.566674279656468,0.0,0.0,0.0,-0.7000000000000001,3.2121800324410854,0,True,False,1764425216.0209332
812,28,-0.0039052552335918237,0.21502533264030646,0.0,0.0,0.0,-0.050000000000000024,0.0,-0.10934714654057107,6.020709313928581,0.0,0.0,0.0,-1.4000000000000006,0.0,0,True,False,1764425237.1331973
813,26,-0.0010833848813304363,0.23651182451544303,0.0,0.0,0.0,-0.05000000000000002,0.0,-0.028168006914591343,6.149307437401519,0.0,0.0,0.0,-1.3000000000000005,0.0,0,True,False,1764425248.1317098
814,75,-0.0009820476434424757,0.11250676396325138,-1.0,0.0,0.0,-0.049999999999999926,0.079148325388402,-0.07365357325818568,8.438007297243853,-75.0,0.0,0.0,-3.7499999999999947,5.93612440413015,5,True,False,1764425268.601127
815,56,-0.0013570175029280131,0.13272277379115227,-5.357142857142857,0.0,0.0,-0.04999999999999997,0.5011467174172324,-0.07599298016396873,7.432475332304527,-300.0,0.0,0.0,-2.799999999999998,28.064216175365015,20,True,False,1764425276.5807292
816,70,-0.0013615879668132283,0.11710534848494662,0.0,0.0,0.0,-0.04999999999999993,0.03220469172195743,-0.09531115767692598,8.197374393946264,0.0,0.0,0.0,-3.4999999999999956,2.2543284205370204,0,True,False,1764425290.7257078
817,35,-0.0025108649482387573,0.18476310422095696,-5.142857142857143,0.0,0.0,-0.050000000000000024,0.39560421652998573,-0.0878802731883565,6.466708647733493,-180.0,0.0,0.0,-1.7500000000000009,13.8461475785495,12,True,False,1764425299.5678954
818,41,-0.002460810871134961,0.1645361990973604,0.0,0.0,0.0,-0.05000000000000002,0.0,-0.1008932457165334,6.7459841629917765,0.0,0.0,0.0,-2.0500000000000007,0.0,0,True,False,1764425312.7580414
819,82,-0.0023865383874456148,0.10339731875706959,-1.2804878048780488,0.0,0.0,-0.04999999999999992,0.14275109485912374,-0.19569614777054042,8.478580138079707,-105.0,0.0,0.0,-4.099999999999993,11.705589778448147,7,True,False,1764425368.848056
820,65,-0.0019004991906364393,0.1192661418045244,-1.1538461538461537,0.0,0.0,-0.04999999999999995,0.369098125657502,-0.12353244739136855,7.752299217294086,-75.0,0.0,0.0,-3.2499999999999964,23.99137816773763,5,True,False,1764425387.235634
821,12,-0.0026015506191676926,0.041166670478246896,0.0,0.0,-0.25,-0.049999999999999996,0.0,-0.03121860743001231,0.4940000457389628,0.0,0.0,-3.0,-0.6,0.0,0,False,True,1764425392.5972342
822,46,-0.0017994339580960706,0.15280099023655708,-3.260869565217391,0.0,0.0,-0.049999999999999996,0.42349136675928,-0.08277396207241924,7.028845550881626,-150.0,0.0,0.0,-2.3,19.48060287092688,10,True,False,1764425410.0569038
823,46,-0.002112287926102181,0.15228558729728017,0.0,0.0,0.0,-0.049999999999999996,0.180531358192738,-0.09716524460070033,7.0051370156748884,0.0,0.0,0.0,-2.3,8.304442476865947,0,True,False,1764425423.7871277
824,44,-0.004708355597370204,0.14301598202882634,-2.0454545454545454,0.0,0.0,-0.05,0.17481392775268556,-0.20716764628428896,6.2927032092683595,-90.0,0.0,0.0,-2.2,7.691812821118164,6,True,False,1764425433.85992
825,54,-0.0015852158448491532,0.1358903597568328,-3.3333333333333335,0.0,0.0,-0.04999999999999997,0.29803426652049897,-0.08560165562185428,7.338079426868971,-180.0,0.0,0.0,-2.6999999999999984,16.093850392106944,12,True,False,1764425447.6899095
826,29,-0.0021853458940536276,0.043763043468768935,0.0,0.0,-0.10344827586206896,-0.050000000000000024,0.0,-0.0633750309275552,1.269128260594299,0.0,0.0,-3.0,-1.4500000000000006,0.0,0,False,True,1764425457.5266933
827,58,-0.0013276317829961227,0.13163951367918447,0.0,0.0,0.0,-0.04999999999999996,0.49051227382803136,-0.07700264341377512,7.6350917933927,0.0,0.0,0.0,-2.8999999999999977,28.44971188202582,0,True,False,1764425477.6176913
828,34,-0.0013284246145453852,0.1913719040857016,0.0,0.0,0.0,-0.050000000000000024,0.28871146572783957,-0.0451664368945431,6.506644738913854,0.0,0.0,0.0,-1.7000000000000008,9.816189834746545,0,True,False,1764425499.3600705
829,28,-0.0016521802137600366,0.22189080893733612,-4.821428571428571,0.0,0.0,-0.050000000000000024,0.40676806441501656,-0.046261045985281024,6.212942650245411,-135.0,0.0,0.0,-1.4000000000000006,11.389505803620464,9,True,False,1764425510.3678086
830,63,-0.001858789926594576,0.12401768706294405,-0.47619047619047616,0.0,0.0,-0.04999999999999995,0.06601666111748596,-0.11710376537545829,7.813114284965476,-30.0,0.0,0.0,-3.149999999999997,4.159049650401615,2,True,False,1764425526.228537
831,48,-0.0018799738620723643,0.14837374941773906,0.0,0.0,0.0,-0.04999999999999999,0.04712377634621102,-0.09023874537947349,7.121939972051475,0.0,0.0,0.0,-2.3999999999999995,2.261941264618129,0,True,False,1764425535.9571204
832,74,-0.0018081058469022102,0.11178004433038573,-2.027027027027027,0.0,0.0,-0.04999999999999993,0.19612141184270523,-0.13379983267076356,8.271723280448544,-150.0,0.0,0.0,-3.699999999999995,14.512984476360188,10,True,False,1764425552.6114454
833,55,-0.003960253798283838,0.12367059967656757,-1.0909090909090908,0.0,0.0,-0.04999999999999997,0.08163762820847412,-0.21781395890561106,6.801882982211216,-60.0,0.0,0.0,-2.7499999999999982,4.4900695514660764,4,True,False,1764425563.364688
834,25,-0.0018804677245352589,0.24219956519897143,-2.4,0.0,0.0,-0.05000000000000002,0.20363607901956335,-0.04701169311338147,6.0549891299742855,-60.0,0.0,0.0,-1.2500000000000004,5.090901975489084,4,True,False,1764425571.1827898
835,18,-0.0019984116281913647,0.31878913285503213,-0.8333333333333334,0.0,0.0,-0.05000000000000002,0.1994222025457979,-0.035971409307444566,5.738204391390578,-15.0,0.0,0.0,-0.9000000000000002,3.589599645824362,1,True,False,1764425587.8532517
836,126,-0.003917687508444822,0.07338705588893146,-2.261904761904762,0.0,0.0,-0.049999999999999885,0.20459268836720104,-0.49362862606404756,9.246769042005365,-285.0,0.0,0.0,-6.299999999999986,25.77867873426733,19,True,False,1764425615.3086097
837,67,-0.0018855797065580936,0.11919085161343397,-0.6716417910447762,0.0,0.0,-0.04999999999999994,0.06046619844652783,-0.12633384033939227,7.985787058100076,-45.0,0.0,0.0,-3.349999999999996,4.0512352959173645,3,True,False,1764425625.4258716
838,19,-0.001646422988220699,0.3049283031020771,0.0,0.0,0.0,-0.05000000000000002,0.014308397111768345,-0.03128203677619328,5.7936377589394645,0.0,0.0,0.0,-0.9500000000000003,0.27185954512359856,0,True,False,1764425631.6125543
839,91,-0.0018711242932842374,0.10001652199512599,0.0,0.0,0.0,-0.04999999999999991,0.0,-0.1702723106888656,9.101503501556465,0.0,0.0,0.0,-4.549999999999992,0.0,0,True,False,1764425652.852994
840,37,-0.004988330886161922,0.162512058921502,-1.6216216216216217,0.0,0.0,-0.050000000000000024,0.1630721632829058,-0.1845682427879911,6.012946180095574,-60.0,0.0,0.0,-1.850000000000001,6.033670041467515,4,True,False,1764425659.801294
841,78,-0.001774507965756959,0.10902424132430746,-1.1538461538461537,0.0,0.0,-0.049999999999999926,0.09583841265252033,-0.1384116213290428,8.503890823295983,-90.0,0.0,0.0,-3.899999999999994,7.475396186896585,6,True,False,1764425679.2836647
842,53,-0.002114596413358848,0.13800783674876568,-1.4150943396226414,0.0,0.0,-0.049999999999999975,0.1460617497800086,-0.11207360990801894,7.314415347684582,-75.0,0.0,0.0,-2.6499999999999986,7.741272738340457,5,True,False,1764425689.521388
843,29,-0.0018020022031714203,0.2156854040476737,0.0,0.0,0.0,-0.050000000000000024,0.0025143338339038857,-0.052258063891971185,6.254876717382537,0.0,0.0,0.0,-1.4500000000000006,0.07291568118321269,0,True,False,1764425698.5026588
844,64,-0.0017957609275734,0.12299032655794381,-0.234375,0.0,0.0,-0.04999999999999995,0.12131953225239503,-0.1149286993646976,7.871380899708404,-15.0,0.0,0.0,-3.1999999999999966,7.764450064153282,1,True,False,1764425716.0414128
845,95,-0.0017766513138972402,0.09745730387445359,-0.3157894736842105,0.0,0.0,-0.049999999999999906,0.07516812042202753,-0.16878187482023782,9.25844386807309,-30.0,0.0,0.0,-4.749999999999991,7.140971440092615,2,True,False,1764425734.9171767
846,33,-0.0018458314957597844,0.1951484720730559,0.0,0.0,0.0,-0.050000000000000024,0.06141260507896921,-0.06091243936007289,6.439899578410845,0.0,0.0,0.0,-1.6500000000000008,2.026615967605984,0,True,False,1764425739.4824386
847,22,-0.002081501951180406,0.26898941478092175,0.0,0.0,0.0,-0.05000000000000002,0.0,-0.04579304292596893,5.917767125180278,0.0,0.0,0.0,-1.1000000000000003,0.0,0,True,False,1764425765.6124809
848,70,-0.0016512899369832141,0.11655787160190995,0.0,0.0,0.0,-0.04999999999999993,0.1958324585309829,-0.11559029558882498,8.159051012133697,0.0,0.0,0.0,-3.4999999999999956,13.708272097168804,0,True,False,1764425783.9325573
849,33,-0.0021474311288991513,0.193815020287252,-3.6363636363636362,0.0,0.0,-0.050000000000000024,0.36455174331930223,-0.07086522725367199,6.395895669479316,-120.0,0.0,0.0,-1.6500000000000008,12.030207529536973,8,True,False,1764425790.8138673
850,83,-0.0031050790191861975,0.09778015610241152,-1.4457831325301205,0.0,0.0,-0.04999999999999992,0.20241330510760822,-0.2577215585924544,8.115752956500156,-120.0,0.0,0.0,-4.149999999999993,16.80030432393148,8,True,False,1764425812.689896
851,88,-0.003944908334463662,0.0893346564133554,-3.2386363636363638,0.0,0.0,-0.04999999999999991,0.25922030548389796,-0.34715193343280226,7.861449764375275,-285.0,0.0,0.0,-4.399999999999992,22.811386882583022,19,True,False,1764425839.6513705
852,74,-0.0018165195923399026,0.11245969088415442,-1.4189189189189189,0.0,0.0,-0.04999999999999993,0.1403974451869071,-0.1344224498331528,8.322017125427427,-105.0,0.0,0.0,-3.699999999999995,10.389410943831127,7,True,False,1764425851.086436
853,34,-0.001813362008810109,0.045132128662717964,0.0,0.0,-0.08823529411764706,-0.050000000000000024,0.0,-0.0616543082995437,1.5344923745324108,0.0,0.0,-3.0,-1.7000000000000008,0.0,0,False,True,1764425857.7706537
854,23,-0.0018151749709529753,0.2599952142437954,0.0,0.0,0.0,-0.05000000000000002,0.0,-0.04174902433191843,5.979889927607294,0.0,0.0,0.0,-1.1500000000000004,0.0,0,True,False,1764425868.8527048
855,101,-0.0029086281425283514,0.08846293290464888,-2.9702970297029703,0.0,0.0,-0.0499999999999999,0.3158430595124471,-0.2937714423953635,8.934756223369536,-300.0,0.0,0.0,-5.04999999999999,31.900149010757158,20,True,False,1764425892.5164201
