episode_index,steps,mean_reward_drift,mean_reward_progress,mean_reward_intrusion,mean_reward_proximity,sum_reward_drift,sum_reward_progress,sum_reward_intrusion,sum_reward_proximity,total_intrusions,terminated_waypoint,truncated,finished_at
1,110,-0.03105201746936352,-0.0034846803212598408,0.0,-0.008934224960729622,-3.4157219216299874,-0.38331483533858246,0.0,-0.9827647456802584,0,False,True,1761591805.2618053
2,45,-0.005191707892323063,0.05313482370090194,0.0,0.0,-0.23362685515453782,2.3910670665405873,0.0,0.0,0,True,False,1761591807.269234
3,82,-0.01435983998558052,0.00498655423261462,0.0,0.0,-1.1775068788176026,0.40889744707439885,0.0,0.0,0,False,True,1761591808.9885962
4,31,-0.014909976073961995,0.005403348836509576,0.0,0.0,-0.46220925829282183,0.16750381393179684,0.0,0.0,0,False,True,1761591809.4325917
5,54,-0.010629921981713843,0.006663234267998764,-0.2037037037037037,-0.6136964055487725,-0.5740157870125475,0.3598146504719333,-11.0,-33.139605899633715,1,False,True,1761591863.464817
6,188,-0.017691079309987222,0.013607465951115675,-0.17553191489361702,-0.8596293440365123,-3.325922910277598,2.558203598809747,-33.0,-161.6103166788643,3,True,False,1761591916.6295614
7,46,-0.007818477304494769,0.007193698610225536,0.0,0.0,-0.35964995600675936,0.33091013607037467,0.0,0.0,0,False,True,1761591917.949378
8,84,-0.0252463916037921,-0.0008736323194126259,0.0,-0.24968378474050595,-2.1206968947185363,-0.07338511483066057,0.0,-20.9734379182025,0,False,True,1761591920.8001893
9,44,-0.014109237857225494,0.004402791855624615,0.0,0.0,-0.6208064657179218,0.19372284164748305,0.0,0.0,0,False,True,1761591921.4310977
10,400,-0.02071865937855996,0.001004290955613231,-0.0275,-0.09343845634446733,-8.287463751423985,0.40171638224529244,-11.0,-37.37538253778693,1,False,True,1761591977.854287
11,137,-0.01665123072193082,0.0030588111466424562,0.0,0.0,-2.2812186089045223,0.4190571270900165,0.0,0.0,0,False,True,1761591979.026751
12,94,-0.015496025525928957,0.003269508500167557,0.0,-0.3534398225029535,-1.4566263994373219,0.30733379901575036,0.0,-33.22334331527763,0,False,True,1761592029.310295
13,6,-0.002994924510370048,0.34437714027882,0.0,0.0,-0.017969547062220287,2.06626284167292,0.0,0.0,0,True,False,1761592030.4075854
14,295,-0.015920305902281124,0.0031168466106597575,0.0,-0.020601134868285454,-4.696490241172931,0.9194697501446285,0.0,-6.077334786144209,0,False,True,1761592034.0058258
15,82,-0.023295787691701337,0.001186534129581747,0.0,-0.4663570823859831,-1.9102545907195096,0.09729579862570326,0.0,-38.241280755650614,0,False,True,1761592094.197483
16,20,-0.011196075452611337,0.007443217420789458,0.0,0.0,-0.22392150905222674,0.14886434841578916,0.0,0.0,0,False,True,1761592095.7541904
17,28,-0.018098487403467232,0.0033923052737958,0.0,-0.3254380122593453,-0.5067576472970825,0.09498454766628239,0.0,-9.11226434326167,0,False,True,1761592096.615146
18,36,-0.0310806095369916,-0.0026084924117603736,0.0,0.0,-1.1189019433316976,-0.09390572682337345,0.0,0.0,0,False,True,1761592099.0086925
19,38,-0.00899723593139142,0.007633356050325465,0.0,0.0,-0.34189496539287395,0.29006752991236767,0.0,0.0,0,False,True,1761592152.3216147
20,120,-0.008468965156463672,0.007271099336832924,0.0,-0.008050629499157117,-1.0162758187756407,0.8725319204199509,0.0,-0.9660755398988541,0,False,True,1761592153.6852944
21,85,-0.017230304900470818,0.003042694011176709,0.0,-0.9483429094829098,-1.4645759165400194,0.2586289909500203,0.0,-80.60914730604733,0,False,True,1761592154.877071
22,1,-0.0012716419142983592,2.0,0.0,0.0,-0.0012716419142983592,2.0,0.0,0.0,0,True,False,1761592155.9060571
23,289,-0.019772706626843713,0.0017134378573267193,0.0,0.0,-5.714312215157833,0.4951835407674219,0.0,0.0,0,False,True,1761592212.2051654
24,114,-0.011708295684196101,0.005582121971183209,0.0,-0.5856943241975585,-1.3347457079983556,0.6363619047148859,0.0,-66.76915295852167,0,False,True,1761592213.2252347
25,113,-0.010846759126093515,0.006708426576526978,0.0,-0.33800491887180595,-1.2256837812485673,0.7580522031475485,0.0,-38.19455583251407,0,False,True,1761592215.3822443
26,60,-0.016296892529906997,0.003860547928903527,0.0,-1.0637632963070043,-0.9778135517944198,0.23163287573421162,0.0,-63.82579777842025,0,False,True,1761592270.3788884
27,52,-0.011419006580517175,0.006494082086940751,0.0,0.0,-0.5937883421868931,0.33769226852091905,0.0,0.0,0,False,True,1761592271.8062744
28,59,-0.012932982338278458,0.00438028599438666,-0.559322033898305,-1.450769440548971,-0.763045957958429,0.25843687366881296,-33.0,-85.5953969923893,3,False,True,1761592272.6685433
29,121,-0.021215534140913154,0.0007712249085086454,-0.09090909090909091,-0.2849212407152136,-2.5670796310504915,0.09331821392954609,-11.0,-34.47547012654084,1,False,True,1761592274.4573903
30,95,-0.00641054956611728,0.02915342223602982,0.0,0.0,-0.6090022087811416,2.769575112422833,0.0,0.0,0,True,False,1761592275.9400988
31,166,-0.010116902409869162,0.006300419803951724,0.0,-0.5860828936732335,-1.6794058000382808,1.045869687455986,0.0,-97.28976034975676,0,False,True,1761592332.8475246
32,400,-0.019844703950073275,0.0014098886702642369,0.0,-0.022104867667028332,-7.937881580029311,0.5639554681056947,0.0,-8.841947066811333,0,False,True,1761592401.3790212
33,28,-0.01392684905543253,0.005014039696259328,-0.7857142857142857,-0.9749171483097111,-0.38995177355211086,0.14039311149526118,-22.0,-27.297680152671912,2,False,True,1761592401.679707
34,150,-0.009704710679354628,0.0066293056953155615,0.0,0.0,-1.4557066019031941,0.9943958542973342,0.0,0.0,0,False,True,1761592403.9968693
35,48,-0.01525540727856004,0.004709566988242846,0.0,-0.11011674040001651,-0.7322595493708819,0.2260592154356566,0.0,-5.2856035392007925,0,False,True,1761592404.4098325
36,71,-0.012476888474442846,0.005928954121491017,0.0,-1.3611707855317254,-0.885859081685442,0.4209557426258622,0.0,-96.64312577275251,0,False,True,1761592405.4495795
37,105,-0.015129264650816062,0.004586792276276224,0.0,-0.4848690441072267,-1.5885727883356866,0.4816131890090035,0.0,-50.911249631258805,0,False,True,1761592460.5570123
38,206,-0.028859791866861644,-0.0024648036518715296,-0.05339805825242718,-0.0813094083485108,-5.945117124573499,-0.5077495522855351,-11.0,-16.749738119793225,1,False,True,1761592462.3042042
39,188,-0.016139544432621,0.00378450469266988,0.0,-0.09934108980391834,-3.034234353332748,0.7114868822219375,0.0,-18.676124883136648,0,False,True,1761592463.7750385
40,71,-0.006459558354816463,0.03638687803995116,0.0,-0.2886347285254232,-0.4586286431919689,2.583468340836532,0.0,-20.493065725305048,0,True,False,1761592464.595872
41,70,-0.017027591360899222,0.0035929315429631854,0.0,0.0,-1.1919313952629456,0.251505208007423,0.0,0.0,0,False,True,1761592523.7396533
42,14,-0.006448698613093858,0.1522173643455524,0.0,-2.6030684417435452,-0.09028178058331401,2.1310431008377333,0.0,-36.44295818440963,0,True,False,1761592524.8133485
43,135,-0.010979004254112863,0.006651587762549747,-0.08148148148148149,-0.3936502400533244,-1.4821655743052364,0.8979643479442159,-11.0,-53.142782407198794,1,False,True,1761592527.3737214
44,147,-0.009831582896924427,0.0065211304070322005,0.0,0.0,-1.4452426858478908,0.9586061698337335,0.0,0.0,0,False,True,1761592528.6602793
45,93,-0.015785095370871978,0.003847885628037222,-0.11827956989247312,-0.7053715745582394,-1.4680138694910938,0.35785336340746166,-11.0,-65.59955643391626,1,False,True,1761592529.8416722
46,184,-0.01804919040802626,0.0026425641366996017,-0.059782608695652176,-0.10337409012116813,-3.3210510350768314,0.48623180115272674,-11.0,-19.020832582294936,1,False,True,1761592589.5439122
47,69,-0.028378912380599322,-0.002333792205791356,0.0,0.0,-1.9581449542613532,-0.16103166219960358,0.0,0.0,0,False,True,1761592590.2714703
48,110,-0.00902425399078096,0.0064168993018559215,-0.3,-1.4667352438898837,-0.9926679389859056,0.7058589232041513,-33.0,-161.3408768278872,3,False,True,1761592591.9824207
49,139,-0.01230998156626726,0.005716714375177498,-0.07913669064748201,-0.22831429866999464,-1.7110874377111491,0.7946232981496723,-11.0,-31.735687515129253,1,False,True,1761592593.2513635
50,107,-0.006193585397615919,0.008218494421417248,0.0,0.0,-0.6627136375449033,0.8793789030916456,0.0,0.0,0,False,True,1761592594.489736
51,102,-0.01449704668719627,0.004658300320036061,0.0,0.0,-1.4786987620940195,0.47514663264367824,0.0,0.0,0,False,True,1761592654.8610885
52,43,-0.017317387077688554,0.0036846399234426517,0.0,0.0,-0.7446476443406078,0.15843951670803402,0.0,0.0,0,False,True,1761592656.4895878
53,112,-0.014012991705156883,0.004769849815895756,0.0,-0.07577295346260922,-1.569455070977571,0.5342231793803247,0.0,-8.486570787812232,0,False,True,1761592657.7477987
54,66,-0.01279550638974145,0.00548480002178129,0.0,0.0,-0.8445034217229358,0.36199680143756513,0.0,0.0,0,False,True,1761592658.5112312
55,171,-0.017911646083655537,0.0031398290894390966,-0.06432748538011696,-0.9253696502241455,-3.062891480305097,0.5369107742940855,-11.0,-158.23821018832888,1,False,True,1761592728.1627536
56,46,-0.003988364622758108,0.052732922621740716,0.0,-1.4742215554660645,-0.183464772646873,2.425714440600073,0.0,-67.81419155143897,0,True,False,1761592728.5978837
57,67,-0.011653301502766271,0.006336130527984109,0.0,-0.11406427250965309,-0.7807712006853401,0.42452074537493534,0.0,-7.642306258146757,0,False,True,1761592729.6319292
58,26,-0.0063351257433854925,0.08576853631302186,0.0,0.0,-0.1647132693280228,2.2299819441385687,0.0,0.0,0,True,False,1761592731.0906606
59,50,-0.02548582771933925,-0.0007115113782547411,-0.22,-0.5475343180223298,-1.2742913859669625,-0.035575568912737054,-11.0,-27.376715901116487,1,False,True,1761592732.1701875
60,83,-0.0054319873667679295,0.03257809050550445,0.0,0.0,-0.45085495144173815,2.703981511956869,0.0,0.0,0,True,False,1761592734.025184
61,58,-0.01057500625598788,0.006697313293094547,0.0,0.0,-0.613350362847297,0.3884441709994837,0.0,0.0,0,False,True,1761592794.3492389
62,153,-0.011969924315743525,0.005677485002345395,0.0,0.0,-1.8313984203087592,0.8686552053588454,0.0,0.0,0,False,True,1761592796.131878
63,166,-0.011306160377175828,0.01772242836627099,-0.06626506024096386,-0.5128111081987079,-1.8768226226111875,2.9419231088009847,-11.0,-85.1266439609855,1,True,False,1761592797.5996113
64,72,-0.012059215685687047,0.005935029438250499,-0.1527777777777778,-0.21446196855774843,-0.8682635293694674,0.42732211955403593,-11.0,-15.441261736157887,1,False,True,1761592798.2699277
65,41,-0.005592039738927557,0.057735485184596876,0.0,-0.24014290005010375,-0.22927362929602985,2.367154892568472,0.0,-9.845858902054253,0,True,False,1761592799.4387233
66,128,-0.0056480930933617115,0.024228244512907525,-0.0859375,-0.4537210198990801,-0.7229559159502991,3.101215297652163,-11.0,-58.07629054708225,1,True,False,1761592863.793591
67,91,-0.011673560690760742,0.006062853177805135,0.0,-0.007028083366377141,-1.0622940228592275,0.5517196391802673,0.0,-0.6395555863403198,0,False,True,1761592864.5883129
68,108,-0.013316261267866327,0.005112208793296918,-0.10185185185185185,-0.2022109877595602,-1.4381562169295634,0.5521185496760671,-11.0,-21.838786678032502,1,False,True,1761592865.734261
69,118,-0.013792080468841757,0.00424862400434286,-0.09322033898305085,-0.5674176124098799,-1.6274654953233274,0.5013376325124574,-11.0,-66.95527826436583,1,False,True,1761592866.8106558
70,153,-0.023276494361855277,0.00023446179022875707,-0.1437908496732026,-0.7479845707611327,-3.5613036373638574,0.03587265390499983,-22.0,-114.4416393264533,2,False,True,1761592868.4956026
71,71,-0.013271806674434412,0.005099077675642865,-0.30985915492957744,-1.4319191616108657,-0.9422982738848432,0.36203451497064343,-22.0,-101.66626047437147,2,False,True,1761592869.1132507
72,128,-0.011098568732367836,0.00630656597562498,0.0,-0.28548267624913565,-1.420616797743083,0.8072404448799975,0.0,-36.54178255988936,0,False,True,1761592932.3041995
73,48,-0.007915292607206055,0.04984694554156734,0.0,0.0,-0.37993404514589063,2.3926533859952324,0.0,0.0,0,True,False,1761592933.0809631
74,84,-0.013775966356883723,0.0054385572006227035,-0.13095238095238096,-0.33650451730271824,-1.1571811739782327,0.4568388048523071,-11.0,-28.266379453428332,1,False,True,1761592934.8201792
75,141,-0.008341404165204036,0.006736425365693951,0.0,-0.5965460823280616,-1.1761379872937692,0.949835976562847,0.0,-84.11299760825669,0,False,True,1761592936.512446
76,149,-0.009451502347918302,0.020207062824474695,0.0,-0.5624776096757858,-1.408273849839827,3.0108523608467297,0.0,-83.80916384169207,0,True,False,1761592937.5891197
77,99,-0.007417213189736619,0.02791772528251487,0.0,-0.02115226241203557,-0.7343041057839254,2.763854802968972,0.0,-2.0940739787915215,0,True,False,1761593002.0706997
78,140,-0.009404205917432625,0.006905578280551998,0.0,0.0,-1.3165888284405676,0.9667809592772798,0.0,0.0,0,False,True,1761593003.9688013
79,12,-0.00298788635899553,0.17684008771883775,0.0,0.0,-0.03585463630794636,2.122081052626053,0.0,0.0,0,True,False,1761593004.1472933
80,71,-0.007658548090272426,0.036011423280284366,0.0,-0.8518622127942872,-0.5437569144093423,2.55681105290019,0.0,-60.482217108394394,0,True,False,1761593005.649541
81,46,-0.009603720198715408,0.007176269560977688,-0.2391304347826087,-0.3653821797086803,-0.44177112914090877,0.33010839980497364,-11.0,-16.807580266599295,1,False,True,1761593006.1998901
82,25,-0.007891500405408413,0.008589769642777587,0.0,0.0,-0.19728751013521031,0.21474424106943968,0.0,0.0,0,False,True,1761593006.647632
83,41,-0.007868185366889385,0.05696029763488368,-0.2682926829268293,-0.453125500977136,-0.3225956000424648,2.335372203030231,-11.0,-18.578145540062575,1,True,False,1761593007.6194687
84,62,-0.011833618967755904,0.006157662729369679,0.0,0.0,-0.733684376000866,0.38177508922092007,0.0,0.0,0,False,True,1761593080.9944603
85,80,-0.016996362806955125,0.0036617297525492636,0.0,-0.1690782731487411,-1.35970902455641,0.2929383802039411,0.0,-13.526261851899289,0,False,True,1761593082.2632022
86,95,-0.021801142433411337,0.0008306850457478026,-0.11578947368421053,-1.3107140175665222,-2.071108531174077,0.07891507934604125,-11.0,-124.5178316688196,1,False,True,1761593083.3988423
87,72,-0.017054129267107643,0.0033096640854741073,-0.1527777777777778,-0.8397699458964325,-1.2278973072317503,0.23829581415413573,-11.0,-60.46343610454314,1,False,True,1761593084.212631
88,78,-0.007689789069784975,0.00759421337329848,0.0,-0.03292324775906789,-0.5998035474432281,0.5923486431172814,0.0,-2.5680133252072954,0,False,True,1761593085.4023154
89,81,-0.007147897207214055,0.032850934102991,-0.13580246913580246,-0.24906444113258455,-0.5789796737843385,2.6609256623422715,-11.0,-20.17421973173935,1,True,False,1761593151.5779753
90,93,-0.02317417243950598,0.0010857507451681422,-0.11827956989247312,-0.5954765001271489,-2.155198036874056,0.10097481930063723,-11.0,-55.379314511824845,1,False,True,1761593153.3228707
91,44,-0.003283934330812406,0.05478059048116226,0.0,0.0,-0.14449311055574587,2.4103459811711394,0.0,0.0,0,True,False,1761593154.211429
92,4,-0.0035268384460954913,0.5114740649991856,0.0,-5.446998887194537,-0.014107353784381965,2.0458962599967423,0.0,-21.78799554877815,0,True,False,1761593154.649409
93,5,-0.00713573295760216,0.41097876943219963,0.0,0.0,-0.0356786647880108,2.054893847160998,0.0,0.0,0,True,False,1761593155.6963294
94,39,-0.010182674435071877,0.05825191688443674,-0.28205128205128205,-0.682252696806686,-0.3971243029678032,2.271824758493033,-11.0,-26.607855175460752,1,True,False,1761593157.0511968
95,95,-0.013341729425690238,0.0052293553960252575,0.0,0.0,-1.2674642954405726,0.49678876262239946,0.0,0.0,0,False,True,1761593224.22199
96,83,-0.017551156309207457,0.0023850922200062833,0.0,-1.7254093510255402,-1.456745973664219,0.1979626542605215,0.0,-143.20897613511983,0,False,True,1761593225.134728
97,88,-0.004476733138254347,0.0316686687103459,0.0,0.0,-0.39395251616638255,2.7868428465104387,0.0,0.0,0,True,False,1761593226.1972117
98,103,-0.007429629742818278,0.027239211187321165,0.0,-0.058571395002619216,-0.7652518635102826,2.80563875229408,0.0,-6.032853685269779,0,True,False,1761593227.2089248
99,65,-0.007134740947930596,0.03836817250984653,0.0,0.0,-0.4637581616154887,2.4939312131400246,0.0,0.0,0,True,False,1761593227.968184
100,131,-0.005771944203030846,0.023594295123605148,0.0,-0.08178795215002314,-0.7561246905970408,3.090852661192274,0.0,-10.714221731653032,0,True,False,1761593229.6089559
101,178,-0.014701084111849682,0.004169352880920483,-0.06179775280898876,-0.16513288898589007,-2.6167929719092435,0.7421448128038459,-11.0,-29.39365423948843,1,False,True,1761593231.1613054
102,192,-0.015349941053578347,0.004028548898737427,0.0,-0.14556048213342584,-2.9471886822870426,0.773481388557586,0.0,-27.94761256961776,0,False,True,1761593298.8669732
103,33,-0.007294884564127926,0.06882824680349742,0.0,0.0,-0.24073119061622156,2.271332144515415,0.0,0.0,0,True,False,1761593299.4841669
104,22,-0.013387231783534586,0.006347344077742781,0.0,0.0,-0.2945190992377609,0.1396415697103412,0.0,0.0,0,False,True,1761593300.856299
105,39,-0.00656230984599232,0.05977304997653881,0.0,0.0,-0.2559300839937005,2.3311489490850135,0.0,0.0,0,True,False,1761593301.889891
106,54,-0.008287699870288417,0.04409182118686064,0.0,-0.6249936023556073,-0.4475357929955745,2.3809583440904745,0.0,-33.74965452720279,0,True,False,1761593303.1756942
107,8,-0.008273868134748518,0.2596574126498056,0.0,0.0,-0.06619094507798814,2.0772593011984446,0.0,0.0,0,True,False,1761593367.089361
108,57,-0.006676584429220705,0.04332465289296208,0.0,0.0,-0.3805653124655802,2.4695052148988386,0.0,0.0,0,True,False,1761593368.4369342
109,166,-0.018405480158706865,0.002817659330152044,-0.19879518072289157,-1.2834332195273919,-3.05530970634534,0.4677314488052393,-33.0,-213.04991444154706,3,False,True,1761593370.4635947
110,107,-0.007144492846302305,0.026774829099946218,0.0,0.0,-0.7644607345543466,2.8649067136942454,0.0,0.0,0,True,False,1761593371.563736
111,127,-0.008302289972364776,0.007148364715492736,0.0,0.0,-1.0543908264903266,0.9078423188675775,0.0,0.0,0,False,True,1761593372.4752655
112,75,-0.009711209629934214,0.03362237654205488,-0.29333333333333333,-1.1052726572418152,-0.7283407222450661,2.5216782406541163,-22.0,-82.89544929313614,2,True,False,1761593373.2291443
113,70,-0.0059754964584870065,0.03682478610422234,0.0,0.0,-0.41828475209409044,2.5777350272955637,0.0,0.0,0,True,False,1761593448.0680282
114,142,-0.015350382859059989,0.017941312966792643,-0.07746478873239436,-0.4931453656190906,-2.1797543659865184,2.5476664412845555,-11.0,-70.02664191791087,1,True,False,1761593449.6975608
115,126,-0.01404123562917165,0.020401792170111656,0.0,-0.07215719698994645,-1.7691956892756278,2.5706258134340687,0.0,-9.091806820733252,0,True,False,1761593451.0058343
116,126,-0.009116124761908803,0.023189384823176465,0.0,0.0,-1.1486317200005092,2.9218624877202344,0.0,0.0,0,True,True,1761593452.1541705
117,28,-0.0028362724996216495,0.08102098977376719,0.0,0.0,-0.07941562998940618,2.2685877136654815,0.0,0.0,0,True,False,1761593452.8684218
118,90,-0.010379134401477787,0.026911162085650933,-0.12222222222222222,-0.794819504706382,-0.9341220961330008,2.422004587708584,-11.0,-71.53375542357438,1,True,False,1761593520.0721729
119,117,-0.005408138927452558,0.025652270952016425,0.0,-0.29099610578217683,-0.6327522545119493,3.0013157013859217,0.0,-34.04654437651469,0,True,False,1761593521.0743897
120,100,-0.006464648172524801,0.028312436247441855,0.0,0.0,-0.6464648172524801,2.8312436247441854,0.0,0.0,0,True,False,1761593521.85156
121,50,-0.00788047733827661,0.0080743025557946,0.0,-0.6153588875612119,-0.3940238669138305,0.40371512778972996,0.0,-30.767944378060598,0,False,True,1761593522.4590316
122,129,-0.0073163318588763075,0.022933785112954595,0.0,-2.259260136781268,-0.9438068097950436,2.958458279571143,0.0,-291.4445576447836,0,True,False,1761593524.2719676
123,107,-0.0067740658720114606,0.026030006484532034,-0.102803738317757,-1.4150752546464331,-0.7248250483052263,2.7852106938449275,-11.0,-151.41305224716834,1,True,False,1761593592.280257
124,31,-0.008120255892306612,0.008287166042861107,0.0,-0.3136768892293533,-0.25172793266150495,0.2569021473286943,0.0,-9.723983566109952,0,False,True,1761593592.6013412
125,97,-0.007066800118035133,0.028525779372387733,0.0,-0.2650447214974681,-0.6854796114494078,2.76700059912161,0.0,-25.709337985254407,0,True,False,1761593593.9001024
126,33,-0.004441902295704291,0.009437901612268379,0.0,0.0,-0.1465827757582416,0.3114507532048565,0.0,0.0,0,False,True,1761593594.7560081
127,101,-0.005196402637116851,0.02861713257217223,0.0,0.0,-0.5248366663488019,2.890330389789395,0.0,0.0,0,True,False,1761593596.1825836
128,28,-0.004896225945975367,0.08065736317335012,0.0,0.0,-0.1370943264873103,2.2584061688538033,0.0,0.0,0,True,False,1761593596.7576454
129,171,-0.01577675837989942,0.015354758154713934,-0.06432748538011696,-0.598768039726956,-2.697825682962801,2.6256636444560826,-11.0,-102.38933479330949,1,True,False,1761593664.5382903
130,6,-0.0034004073833069823,0.34449242550927855,0.0,0.0,-0.020402444299841893,2.0669545530556714,0.0,0.0,0,True,False,1761593664.8510509
131,43,-0.011132089197054922,0.006960873986026369,0.0,0.0,-0.4786798354733616,0.2993175813991339,0.0,0.0,0,False,True,1761593665.8332381
132,131,-0.006131762145056584,0.023497767702004686,0.0,-0.7210334145002048,-0.8032608410024125,3.078207568962614,0.0,-94.45537729952682,0,True,False,1761593667.337618
133,63,-0.0065315812979643674,0.008131397235642567,-0.1746031746031746,-0.7460416741641669,-0.41148962177175513,0.5122780258454817,-11.0,-47.00062547234251,1,False,True,1761593668.0672245
134,150,-0.012292493340490268,0.018445988428668448,-0.07333333333333333,-0.8325041980258701,-1.8438740010735402,2.7668982643002673,-11.0,-124.8756297038805,1,True,False,1761593669.919525
135,7,-0.005474020004173723,0.2958258693983745,0.0,0.0,-0.03831814002921606,2.0707810857886217,0.0,0.0,0,True,False,1761593670.0646725
136,44,-0.008787735105174438,0.05322263694803002,0.0,0.0,-0.3866603446276753,2.341796025713321,0.0,0.0,0,True,False,1761593738.3081243
137,75,-0.03308500310510227,-0.004057600248847386,0.0,-0.8489891889279717,-2.48137523288267,-0.30432001866355396,0.0,-63.67418916959788,0,False,True,1761593739.9525526
138,130,-0.010544026151689584,0.02157047206823822,-0.08461538461538462,-0.39328428953579764,-1.370723399719646,2.8041613688709686,-11.0,-51.126957639653696,1,True,False,1761593741.5445795
139,57,-0.013710494882572106,0.005179053821919958,0.0,0.0,-0.78149820830661,0.2952060678494376,0.0,0.0,0,False,True,1761593742.0591938
140,102,-0.006983793387406285,0.02682562431180845,-0.10784313725490197,-0.24778809330549303,-0.7123469255154411,2.736213679804462,-11.0,-25.27438551716029,1,True,False,1761593743.3224826
141,16,-0.007227838214488457,0.009449435445273976,0.0,0.0,-0.11564541143181531,0.15119096712438362,0.0,0.0,0,False,True,1761593816.8939316
142,69,-0.006629570296758733,0.008422086115839495,0.0,0.0,-0.45744035047635256,0.5811239419929252,0.0,0.0,0,False,True,1761593818.3533647
143,107,-0.008345648967991266,0.025802886678189463,0.0,-0.12920784840006652,-0.8929844395750655,2.7609088745662724,0.0,-13.825239778807118,0,True,False,1761593819.6934984
144,143,-0.012281732232005177,0.0060168271322123355,0.0,0.0,-1.7562877091767404,0.860406279906364,0.0,0.0,0,False,True,1761593820.864562
145,118,-0.008451321747619523,0.024451974716578218,-0.09322033898305085,-0.3583660317671745,-0.9972559662191037,2.88533301655623,-11.0,-42.287191748526595,1,True,False,1761593821.778589
146,118,-0.010851972918779389,0.006754211665253115,0.0,-0.0038292603609244294,-1.2805328044159678,0.7969969764998676,0.0,-0.45185272258908266,0,False,True,1761593823.0696552
147,66,-0.017570567778953414,0.0033693814721407244,-0.16666666666666666,-0.48928385136580876,-1.1596574734109253,0.2223791771612878,-11.0,-32.29273419014338,1,False,True,1761593887.0566792
148,140,-0.015434518282817963,0.018270571271265388,0.0,-0.6623140297250981,-2.160832559594515,2.557879977977154,0.0,-92.72396416151373,0,True,False,1761593888.3551757
149,132,-0.007509768012981607,0.022734683952480315,0.0,-0.0395114836107699,-0.9912893777135722,3.0009782817274018,0.0,-5.215515836621627,0,True,False,1761593889.41877
150,30,-0.0045684425943558595,0.07545777721184267,0.0,-0.06198720648960918,-0.13705327783067578,2.26373331635528,0.0,-1.8596161946882754,0,True,False,1761593889.7624989
151,117,-0.006374601517900458,0.02472164996183654,0.0,0.0,-0.7458283775943536,2.892433045534875,0.0,0.0,0,True,False,1761593891.1783342
152,32,-0.0034770207282580476,0.07179245290851688,0.0,0.0,-0.11126466330425752,2.29735849307254,0.0,0.0,0,True,False,1761593891.8303556
153,100,-0.005424939674977627,0.00866945954657438,0.0,0.0,-0.5424939674977627,0.8669459546574381,0.0,0.0,0,False,True,1761593960.4786124
154,94,-0.006884158848202135,0.029439416647519184,0.0,-0.09091889746354276,-0.6471109317310006,2.7673051648668032,0.0,-8.546376361573019,0,True,False,1761593961.356356
155,96,-0.009033393173939752,0.02802877051317777,-0.11458333333333333,-0.9043865817984735,-0.8672057446982162,2.6907619692650657,-11.0,-86.82111185265346,1,True,False,1761593962.70698
156,104,-0.007911965509875456,0.02674378111338411,-0.10576923076923077,-0.844821919459372,-0.8228444130270475,2.7813532357919475,-11.0,-87.86147962377468,1,True,False,1761593963.8704076
157,83,-0.004664137436762465,0.03306620352944166,0.0,0.0,-0.38712340725128463,2.7444948929436577,0.0,0.0,0,True,False,1761593965.0159128
158,23,-0.004820689236814385,0.09643431526192305,0.0,0.0,-0.11087585244673087,2.21798925102423,0.0,0.0,0,True,False,1761593965.4375727
159,119,-0.007406747776324494,0.024192740047109272,0.0,-0.07207959906685112,-0.8814029853826149,2.8789360656060032,0.0,-8.577472288955283,0,True,False,1761593967.050679
160,130,-0.00848466608787055,0.022531204857493183,0.0,-0.28628927176536195,-1.1030065914231715,2.929056631474114,0.0,-37.217605329497054,0,True,False,1761594032.184153
161,184,-0.012374510179050512,0.016155077552861354,-0.059782608695652176,-0.4582729948310694,-2.276909872945294,2.972534269726489,-11.0,-84.32223104891678,1,True,False,1761594033.792492
162,120,-0.010327893943829113,0.02318289857275111,0.0,-0.15284997851631407,-1.2393472732594937,2.781947828730133,0.0,-18.34199742195769,0,True,False,1761594034.9082577
163,29,-0.005416664996779627,0.07782551689475042,0.0,0.0,-0.15708328490660917,2.2569399899477625,0.0,0.0,0,True,False,1761594035.4910169
164,54,-0.007840035411471899,0.04499594143806043,-0.2037037037037037,-0.9180964326708133,-0.4233619122194825,2.4297808376552634,-11.0,-49.577207364223916,1,True,False,1761594036.6158779
165,31,-0.006632003286132531,0.07280461566248314,-0.3548387096774194,-0.9136281087643067,-0.20559210187010846,2.256943085536977,-11.0,-28.322471371693506,1,True,False,1761594037.3269298
166,85,-0.004903211610619895,0.03228075947377383,0.0,-0.3907741950727937,-0.4167729869026911,2.743864555270776,0.0,-33.215806581187465,0,True,False,1761594102.9387379
167,5,-0.002788137494406314,0.4113972220801695,0.0,0.0,-0.01394068747203157,2.0569861104008473,0.0,0.0,0,True,False,1761594103.2642422
168,109,-0.010560159894278899,0.02408919359893109,-0.10091743119266056,-0.22622921027173573,-1.1510574284764,2.625722102283489,-11.0,-24.658983919619196,1,True,False,1761594104.7720265
169,111,-0.009003828935787297,0.024766648693446146,-0.2972972972972973,-0.9657130509780526,-0.9994250118723899,2.7490980049725224,-33.0,-107.19414865856383,3,True,False,1761594105.9361129
170,95,-0.01198839705545908,0.0061748105739833975,0.0,-0.11179064159028669,-1.1388977202686126,0.5866070045284227,0.0,-10.620110951077235,0,False,True,1761594106.900691
171,85,-0.006894463251619576,0.03177784274708979,0.0,0.0,-0.586029376387664,2.7011166335026324,0.0,0.0,0,True,False,1761594107.7538772
172,99,-0.009300942071978624,0.02745217025924406,0.0,0.0,-0.9207932651258838,2.717764855665162,0.0,0.0,0,True,False,1761594108.7412584
173,109,-0.006272710933253557,0.026406070560356296,0.0,-0.46200407188358555,-0.6837254917246377,2.878261691078836,0.0,-50.35844383531082,0,True,False,1761594182.870524
174,90,-0.007315919777573829,0.02950529896097284,0.0,-1.039679508789848,-0.6584327799816446,2.6554769064875554,0.0,-93.57115579108633,0,True,False,1761594183.793627
175,86,-0.010103212160237613,0.029965598326388357,0.0,-0.03210770508380661,-0.8688762457804348,2.5770414560693986,0.0,-2.761262637207368,0,True,False,1761594184.7953835
176,135,-0.013975258906959337,0.004250699990165918,0.0,-0.032502567383998135,-1.8866599524395105,0.573844498672399,0.0,-4.387846596839748,0,False,True,1761594186.0198472
177,85,-0.009470961629044492,0.007205070866362813,0.0,-0.32063992322109036,-0.8050317384687817,0.6124310236408391,0.0,-27.254393473792682,0,False,True,1761594186.8997967
178,113,-0.01476308741656808,0.004323779357598138,-0.09734513274336283,-0.8969509808251578,-1.668228878072193,0.48858706740858965,-11.0,-101.35546083324283,1,False,True,1761594188.3617473
179,178,-0.012026794451323035,0.01660537972434078,0.0,-0.22508336109668103,-2.1407694123355,2.9557575909326586,0.0,-40.064838275209226,0,True,False,1761594256.7073605
180,13,-0.0036532249446357083,0.16376117623406558,-0.8461538461538461,-1.2017906308165844,-0.047491924280264206,2.1288952910428525,-11.0,-15.623278200615598,1,True,False,1761594256.8798175
181,108,-0.005782130132315178,0.026916455822583667,-0.10185185185185185,-0.23821175059874772,-0.6244700542900392,2.906977228839036,-11.0,-25.726869064664754,1,True,False,1761594258.918361
182,102,-0.010959208672399037,0.006562720546241172,-0.10784313725490197,-0.4502957165121404,-1.1178392845847018,0.6693974957165996,-11.0,-45.93016308423832,1,False,True,1761594259.9974954
183,106,-0.010684583686710325,0.006721391041259445,-0.20754716981132076,-0.6829613867087151,-1.1325658707912944,0.7124674503735011,-22.0,-72.3939069911238,2,False,True,1761594261.0541697
184,160,-0.02158025672970245,0.0011320425500336829,-0.06875,-0.44180312838761304,-3.4528410767523923,0.18112680800538924,-11.0,-70.68850054201809,1,False,True,1761594262.276834
185,72,-0.01541732008178353,0.03181621446392992,-0.1527777777777778,-1.1805903371105244,-1.1100470458884142,2.290767441402954,-11.0,-85.00250427195776,1,True,False,1761594329.7494488
186,115,-0.008422522140790036,0.024558710631451854,0.0,-1.3470671573333173,-0.9685900461908542,2.824251722616963,0.0,-154.9127230933315,0,True,False,1761594331.1722255
187,43,-0.005525037506105655,0.05549660958586921,0.0,-0.04158154793596682,-0.23757661276254316,2.386354212192376,0.0,-1.7880065612465732,0,True,True,1761594331.703232
188,127,-0.008420535872382779,0.022959222055462466,-0.08661417322834646,-0.20194880829125184,-1.0694080557926129,2.915821201043733,-11.0,-25.647498652988983,1,True,False,1761594333.2827497
189,95,-0.00836639244134347,0.02822442505442715,0.0,-0.044429394431816115,-0.7948072819276297,2.6813203801705794,0.0,-4.220792471022531,0,True,False,1761594334.1323833
190,1,-0.04285414497657846,2.0,0.0,-0.24841396303978797,-0.04285414497657846,2.0,0.0,-0.24841396303978797,0,True,True,1761594334.4905527
191,61,-0.005784058903692576,0.040971927065755503,0.0,-2.538418815621205,-0.35282759312524714,2.499287551011086,0.0,-154.8435477528935,0,True,False,1761594402.2973385
192,174,-0.01186553944669216,0.0058426694587436845,-0.06321839080459771,-1.1489622780875246,-2.064603863724436,1.016624485821401,-11.0,-199.91943638722927,1,False,True,1761594404.6009846
193,83,-0.0043460414647138275,0.033256945355995916,0.0,0.0,-0.3607214415712477,2.760326464547661,0.0,0.0,0,True,False,1761594405.3841956
194,120,-0.006027290106074742,0.025195496298166153,-0.09166666666666666,-0.2087762361550246,-0.7232748127289691,3.0234595557799384,-11.0,-25.053148338602952,1,True,False,1761594406.6454296
195,22,-0.005273339328069045,0.09990228851392943,0.0,0.0,-0.11601346521751899,2.1978503473064475,0.0,0.0,0,True,False,1761594406.892233
196,78,-0.004939852635256474,0.03460657559828144,0.0,0.0,-0.38530850555000495,2.699312896665952,0.0,0.0,0,True,False,1761594475.113262
197,95,-0.009225653871848498,0.028428342771869616,-0.11578947368421053,-0.6209582186078686,-0.8764371178256073,2.7006925633276135,-11.0,-58.99103076774752,1,True,False,1761594476.027179
198,91,-0.008420134445019996,0.029138993170448702,0.0,0.0,-0.7662322344968195,2.651648378510832,0.0,0.0,0,True,False,1761594476.9194274
199,57,-0.00907830608706442,0.042392363601680985,0.0,-0.004838542575459853,-0.5174634469626719,2.416364725295816,0.0,-0.2757969268012116,0,True,False,1761594477.525308
200,83,-0.01897088605319453,0.026588832382183607,-0.26506024096385544,-0.6115332236095116,-1.574583542415146,2.2068730877212395,-22.0,-50.75725755958946,2,True,False,1761594478.4177902
