episode_index,steps,mean_reward_drift,mean_reward_progress,mean_reward_intrusion,mean_reward_path_efficiency,mean_reward_boundary,mean_reward_step,mean_reward_proximity,sum_reward_drift,sum_reward_progress,sum_reward_intrusion,sum_reward_path_efficiency,sum_reward_boundary,sum_reward_step,sum_reward_proximity,total_intrusions,terminated_waypoint,truncated,finished_at
1,28,-0.0034144940114818477,0.004342163275351109,0.0,0.0,-0.03571428571428571,-0.020000000000000007,0.0,-0.09560583232149174,0.12158057170983105,0.0,0.0,-1.0,-0.5600000000000002,0.0,0,False,True,1764577429.317927
2,58,-0.003208308935588832,0.004790768377115884,-0.8620689655172413,0.0,-0.017241379310344827,-0.02000000000000001,0.11131756647658354,-0.18608191826415227,0.27786456587272124,-50.0,0.0,-1.0,-1.1600000000000006,6.456418855641846,5,False,True,1764577440.5446768
3,98,-0.001785376370615622,0.01374192740865498,-2.7551020408163267,0.0,-0.01020408163265306,-0.020000000000000014,0.41627818071745654,-0.17496688432033095,1.3467088860481882,-270.0,0.0,-1.0,-1.9600000000000013,40.79526171031074,27,False,True,1764577454.4170916
4,100,-0.005615414870433639,-0.005668117683751401,0.0,0.0,-0.01,-0.020000000000000014,0.0,-0.5615414870433639,-0.5668117683751401,0.0,0.0,-1.0,-2.0000000000000013,0.0,0,False,True,1764577469.7502177
5,51,-0.005579459871488736,-0.00488443970214329,0.0,0.0,-0.0196078431372549,-0.020000000000000007,0.00028015052404669325,-0.28455245344592556,-0.24910642480930778,0.0,0.0,-1.0,-1.0200000000000005,0.014287676726381357,0,False,True,1764577482.6275039
6,197,-0.005737817190230458,-0.005730313682632393,-0.3553299492385787,0.0,-0.005076142131979695,-0.020000000000000014,0.08330279124445969,-1.1303499864754003,-1.1288717954785814,-70.0,0.0,-1.0,-3.940000000000003,16.41064987515856,7,False,True,1764577524.474693
7,170,-0.0048104846668316405,-0.002943479719033684,-2.588235294117647,0.0,-0.0058823529411764705,-0.020000000000000014,0.3229746851402129,-0.8177823933613789,-0.5003915522357263,-440.0,0.0,-1.0,-3.4000000000000026,54.90569647383619,44,False,True,1764577544.0222874
8,147,-0.0037957477319829026,0.0031848636463704186,-3.5374149659863945,0.0,-0.006802721088435374,-0.020000000000000014,0.4267017777164513,-0.5579749166014867,0.46817495601645154,-520.0,0.0,-1.0,-2.940000000000002,62.72516132431834,52,False,True,1764577563.7013407
9,147,-0.002742802678818518,0.008366405213206906,-2.17687074829932,0.0,-0.006802721088435374,-0.020000000000000014,0.3448965970198661,-0.40319199378632214,1.2298615663414152,-320.0,0.0,-1.0,-2.940000000000002,50.69979976192031,32,False,True,1764577585.200345
10,37,-0.000848859214999092,0.06996252191084373,0.0,0.0,0.0,-0.020000000000000007,0.0,-0.0314077909549664,2.588613310701218,0.0,0.0,0.0,-0.7400000000000003,0.0,0,True,False,1764577599.1245916
11,107,-0.0020992413144662186,0.02960173902475884,-1.6822429906542056,0.0,0.0,-0.020000000000000014,0.24399410176466996,-0.2246188206478854,3.167386075649196,-180.0,0.0,0.0,-2.1400000000000015,26.107368888819686,18,True,False,1764577628.177437
12,1,-0.001005377132990794,2.0,0.0,0.0,0.0,-0.02,0.0,-0.001005377132990794,2.0,0.0,0.0,0.0,-0.02,0.0,0,True,False,1764577636.928443
13,107,-0.0027836425607969967,0.0265690995901187,-2.710280373831776,0.0,0.0,-0.020000000000000014,0.2931449545732585,-0.29784975400527863,2.8428936561427007,-290.0,0.0,0.0,-2.1400000000000015,31.366510139338658,29,True,False,1764577666.143904
14,55,-0.0015581022307300976,0.04872588677523462,0.0,0.0,0.0,-0.02000000000000001,0.013971000057002383,-0.08569562269015536,2.6799237726379044,0.0,0.0,0.0,-1.1000000000000005,0.768405003135131,0,True,False,1764577687.0898118
15,93,-0.0010558906424984,0.0371256720034342,-1.3978494623655915,0.0,0.0,-0.020000000000000014,0.2185503483554163,-0.09819782975235121,3.4526874963193808,-130.0,0.0,0.0,-1.8600000000000012,20.325182397053716,13,True,False,1764577715.4170876
16,139,-0.002903301729806976,0.02193764732874524,-0.2158273381294964,0.0,0.0,-0.020000000000000014,0.08473408742167574,-0.4035589404431697,3.0493329786955883,-30.0,0.0,0.0,-2.780000000000002,11.778038151612927,3,True,False,1764577753.290029
17,13,-0.0013606240698321652,0.1624714877327716,0.0,0.0,0.0,-0.019999999999999997,0.0,-0.017688112907818146,2.112129340526031,0.0,0.0,0.0,-0.25999999999999995,0.0,0,True,False,1764577763.9438365
18,69,-0.0012462467823788005,0.014137358648607101,-0.43478260869565216,0.0,-0.014492753623188406,-0.02000000000000001,0.10595606685726736,-0.08599102798413724,0.97547774675389,-30.0,0.0,-1.0,-1.3800000000000008,7.310968613151448,3,False,True,1764577794.1483371
19,60,-0.0006977499338031379,0.04993051593379075,0.0,0.0,0.0,-0.02000000000000001,0.09087972258942541,-0.04186499602818827,2.995830956027445,0.0,0.0,0.0,-1.2000000000000006,5.452783355365525,0,True,False,1764577822.2705722
20,96,-0.0007462629000828167,0.036653057019510715,0.0,0.0,0.0,-0.020000000000000014,0.04268769806254547,-0.0716412384079504,3.5186934738730287,0.0,0.0,0.0,-1.9200000000000013,4.0980190140043655,0,True,False,1764577857.7168133
21,92,-0.0011663018308594542,0.03612319778865093,-1.5217391304347827,0.0,0.0,-0.020000000000000014,0.18175514655976294,-0.10729976843906978,3.323334196555886,-140.0,0.0,0.0,-1.8400000000000012,16.72147348349819,14,True,False,1764577878.646596
22,240,-0.004453169704290752,0.0007106819724675473,-0.4583333333333333,0.0,-0.004166666666666667,-0.01999999999999994,0.15730425052773825,-1.0687607290297805,0.17056367339221135,-110.0,0.0,-1.0,-4.799999999999986,37.75302012665718,11,False,True,1764577916.918657
23,103,-0.003148935211678227,0.025944235127200854,-1.3592233009708738,0.0,0.0,-0.020000000000000014,0.3648544995057664,-0.32434032680285735,2.672256218101688,-140.0,0.0,0.0,-2.0600000000000014,37.58001344909394,14,True,False,1764577927.6571107
24,99,-0.002231455967374793,0.031423019638763976,-3.4343434343434343,0.0,0.0,-0.020000000000000014,0.41613395804358294,-0.2209141407701045,3.110878944237634,-340.0,0.0,0.0,-1.9800000000000013,41.19726184631471,34,True,False,1764577948.9558046
25,300,-0.0022335462274480577,0.005208182338222184,-0.36666666666666664,0.0,0.0,-0.019999999999999865,0.11530148360401349,-0.6700638682344173,1.5624547014666552,-110.0,0.0,0.0,-5.99999999999996,34.590445081204045,11,False,True,1764578004.0254111
26,125,-0.0024831771808307944,0.019629588635180557,-6.24,0.0,0.0,-0.020000000000000014,0.5284336421825949,-0.3103971476038493,2.4536985793975696,-780.0,0.0,0.0,-2.5000000000000018,66.05420527282436,78,True,False,1764578018.7212586
27,151,-0.0029715634754040082,0.020142782433180323,-0.06622516556291391,0.0,0.0,-0.020000000000000014,0.17029196347067088,-0.44870608478600527,3.0415601474102285,-10.0,0.0,0.0,-3.0200000000000022,25.714086484071302,1,True,False,1764578112.054112
28,169,-0.0022122550546263197,0.021651721830460827,0.0,0.0,0.0,-0.020000000000000014,0.09400278142758814,-0.37387110423184805,3.65914098934788,0.0,0.0,0.0,-3.3800000000000026,15.886470061262395,0,True,False,1764578149.866375
29,242,-0.003731959782061786,0.011894090697931098,-1.487603305785124,0.0,0.0,-0.019999999999999938,0.26019843118984204,-0.9031342672589522,2.8783699488993255,-360.0,0.0,0.0,-4.839999999999985,62.968020347941774,36,True,False,1764578191.4405577
30,223,-0.002555109963666494,0.015602965290820118,-0.49327354260089684,0.0,0.0,-0.01999999999999997,0.09032688288813352,-0.5697895218976282,3.4794612598528865,-110.0,0.0,0.0,-4.459999999999993,20.142894884053774,11,True,False,1764578217.2668235
31,202,-0.003100285249961047,0.017421693061953725,-1.2376237623762376,0.0,0.0,-0.020000000000000007,0.20554059161667793,-0.6262576204921315,3.5191819985146524,-250.0,0.0,0.0,-4.040000000000002,41.51919950656894,25,True,False,1764578249.9867995
32,186,-0.002697486678008939,0.017629822111553214,0.0,0.0,0.0,-0.020000000000000014,0.07964255447531189,-0.5017325221096627,3.2791469127488977,0.0,0.0,0.0,-3.720000000000003,14.813515132408012,0,True,False,1764578271.2575479
33,34,-0.006178429124131281,-0.007503601747961321,-1.1764705882352942,0.0,-0.029411764705882353,-0.020000000000000007,0.18946187380867147,-0.21006659022046356,-0.2551224594306849,-40.0,0.0,-1.0,-0.6800000000000003,6.4417037094948295,4,False,True,1764578287.0567958
34,62,-0.0018486995368779907,0.00992532966372834,0.0,0.0,-0.016129032258064516,-0.02000000000000001,0.017854494726763655,-0.11461937128643543,0.6153704391511571,0.0,0.0,-1.0,-1.2400000000000007,1.1069786730593465,0,False,True,1764578315.737821
35,126,-0.003453789958412829,0.0032040642701798294,0.0,0.0,-0.007936507936507936,-0.020000000000000014,0.0015534667463232643,-0.43517753476001647,0.4037120980426585,0.0,0.0,-1.0,-2.520000000000002,0.1957368100367313,0,False,True,1764578342.087818
36,13,-0.002192276920978587,0.16121765437165234,0.0,0.0,0.0,-0.019999999999999997,0.1079878082825033,-0.028499599972721633,2.0958295068314805,0.0,0.0,0.0,-0.25999999999999995,1.403841507672543,0,True,False,1764578351.028544
37,141,-0.002393476990609197,0.023851695917006727,-0.851063829787234,0.0,0.0,-0.020000000000000014,0.14520196186911963,-0.3374802556758968,3.3630891242979484,-120.0,0.0,0.0,-2.820000000000002,20.473476623545867,12,True,False,1764578390.3339248
38,85,-0.0014686622900179295,0.0365038504040105,0.0,0.0,0.0,-0.02000000000000001,3.898505986109496e-05,-0.12483629465152402,3.1028272843408926,0.0,0.0,0.0,-1.700000000000001,0.0033137300881930717,0,True,False,1764578401.8323195
39,14,-0.000793818347717362,0.1567211736880533,0.0,0.0,0.0,-0.019999999999999997,0.0,-0.011113456868043069,2.194096431632746,0.0,0.0,0.0,-0.27999999999999997,0.0,0,True,False,1764578410.2881937
40,48,-0.0036159161033796345,0.0050408589444736794,0.0,0.0,-0.020833333333333332,-0.02000000000000001,0.3667880876433502,-0.17356397296222245,0.24196122933473663,0.0,0.0,-1.0,-0.9600000000000005,17.60582820688081,0,False,True,1764578437.2493684
41,265,-0.003362382702732254,0.01266716834028926,-1.7735849056603774,0.0,0.0,-0.019999999999999907,0.2742307657263025,-0.8910314162240474,3.3567996101766537,-470.0,0.0,0.0,-5.299999999999975,72.67115291747017,47,True,False,1764578484.642979
42,39,-0.0011431514193766688,0.05989703781147922,0.0,0.0,0.0,-0.02000000000000001,0.0,-0.04458290535569009,2.3359844746476894,0.0,0.0,0.0,-0.7800000000000004,0.0,0,True,False,1764578490.1482146
43,71,-0.0023039746302800546,0.039931597100480096,0.0,0.0,0.0,-0.02000000000000001,0.0,-0.16358219874988386,2.8351433941340867,0.0,0.0,0.0,-1.4200000000000008,0.0,0,True,False,1764578530.893528
44,99,-0.002898694426178958,0.007175216131204068,0.0,0.0,-0.010101010101010102,-0.020000000000000014,0.3684192181064139,-0.2869707481917168,0.7103463969892028,0.0,0.0,-1.0,-1.9800000000000013,36.47350259253498,0,False,True,1764578562.8634741
45,180,-0.006569874278041178,-0.005600603758755106,-2.8333333333333335,0.0,-0.005555555555555556,-0.020000000000000014,0.587102370762592,-1.182577370047412,-1.008108676575919,-510.0,0.0,-1.0,-3.6000000000000028,105.67842673726656,51,False,True,1764578592.271325
46,130,-0.0013022648925678888,0.02858408081368763,0.0,0.0,0.0,-0.020000000000000014,0.016641516811047457,-0.16929443603382555,3.715930505779392,0.0,0.0,0.0,-2.600000000000002,2.1633971854361693,0,True,False,1764578609.6376674
47,122,-0.005754461371778385,-0.005151442915750009,-7.704918032786885,0.0,-0.00819672131147541,-0.020000000000000014,0.8701489373313337,-0.7020442873569629,-0.6284760357215011,-940.0,0.0,-1.0,-2.4400000000000017,106.15817035442271,94,False,True,1764578640.3109326
48,123,-0.004789829007148113,-0.0019032139864684893,-0.3252032520325203,0.0,-0.008130081300813009,-0.020000000000000014,0.3920950824790017,-0.5891489678792179,-0.2340953203356242,-40.0,0.0,-1.0,-2.4600000000000017,48.22769514491721,4,False,True,1764578664.8946276
49,106,-0.0024591941077550987,0.008734995585962793,0.0,0.0,-0.009433962264150943,-0.020000000000000014,0.27088752669693944,-0.2606745754220405,0.9259095321120561,0.0,0.0,-1.0,-2.1200000000000014,28.71407782987558,0,False,True,1764578684.6866663
50,168,-0.004538313154733281,0.00036487113205704196,-2.738095238095238,0.0,-0.005952380952380952,-0.020000000000000014,0.4193989376006228,-0.7624366099951913,0.06129835018558305,-460.0,0.0,-1.0,-3.3600000000000025,70.45902151690463,46,False,True,1764578711.8120823
51,105,-0.0033209386751196003,0.004939012248563627,-2.2857142857142856,0.0,-0.009523809523809525,-0.020000000000000014,0.37278428255716606,-0.348698560887558,0.5185962860991808,-240.0,0.0,-1.0,-2.1000000000000014,39.14234966850243,24,False,True,1764578728.301899
52,43,-0.0068957132223437965,-0.011469945238476041,-3.488372093023256,0.0,-0.023255813953488372,-0.02000000000000001,0.51555003034609,-0.29651566856078326,-0.4932076452544698,-150.0,0.0,-1.0,-0.8600000000000004,22.16865130488187,15,False,True,1764578817.5648818
53,143,-0.002482647895469055,0.019590223876665803,-0.7692307692307693,0.0,0.0,-0.020000000000000014,0.24226876369318456,-0.35501864905207486,2.8014020143632097,-110.0,0.0,0.0,-2.860000000000002,34.64443320812539,11,True,False,1764578851.6197639
54,225,-0.00214154364866696,0.015388862399690974,-1.6888888888888889,0.0,0.0,-0.019999999999999966,0.2872499482385675,-0.48184732095006605,3.462494039930469,-380.0,0.0,0.0,-4.499999999999992,64.63123835367769,38,True,False,1764578888.6959715
55,33,-0.0012802438346627375,0.07124383114063208,0.0,0.0,0.0,-0.020000000000000007,0.0,-0.042248046543870335,2.351046427640859,0.0,0.0,0.0,-0.6600000000000003,0.0,0,True,False,1764578892.6368885
56,55,-0.0030902143850323545,0.04366611223918044,-0.18181818181818182,0.0,0.0,-0.02000000000000001,0.26597338767571727,-0.1699617911767795,2.401636173154924,-10.0,0.0,0.0,-1.1000000000000005,14.62853632216445,1,True,False,1764578916.3557289
57,83,-0.0014398596331553486,0.012729842738115402,-0.24096385542168675,0.0,-0.012048192771084338,-0.02000000000000001,0.33366865547862123,-0.11950834955189393,1.0565769472635784,-20.0,0.0,-1.0,-1.660000000000001,27.694498404725564,2,False,True,1764578943.456474
58,190,-0.0024765527928959363,0.018944472698031508,-2.3157894736842106,0.0,0.0,-0.020000000000000014,0.3457464862375603,-0.4705450306502279,3.599449812625987,-440.0,0.0,0.0,-3.800000000000003,65.69183238513646,44,True,False,1764578972.9819882
59,72,-0.0016366462152879275,0.0364301175866421,0.0,0.0,0.0,-0.02000000000000001,0.015590426126528488,-0.11783852750073077,2.6229684662382313,0.0,0.0,0.0,-1.4400000000000008,1.1225106811100511,0,True,False,1764578982.5133643
60,155,-0.0025110688996854147,0.022636485039661224,-0.7096774193548387,0.0,0.0,-0.020000000000000014,0.18910345955295677,-0.38921567945123925,3.5086551811474895,-110.0,0.0,0.0,-3.1000000000000023,29.311036230708297,11,True,False,1764579010.5398953
61,193,-0.002367116502206099,0.017443232847711213,-1.2435233160621761,0.0,0.0,-0.020000000000000014,0.16154316811437747,-0.45685348492577715,3.366543939608264,-240.0,0.0,0.0,-3.860000000000003,31.17783144607485,24,True,False,1764579067.1716626
62,20,-0.0012808136146577101,0.11196716925782244,0.0,0.0,0.0,-0.020000000000000004,0.0,-0.0256162722931542,2.239343385156449,0.0,0.0,0.0,-0.4000000000000001,0.0,0,True,False,1764579069.6557837
63,71,-0.0012580919995180031,0.04404709807802995,-0.28169014084507044,0.0,0.0,-0.02000000000000001,0.10091159229338831,-0.08932453196577822,3.1273439635401266,-20.0,0.0,0.0,-1.4200000000000008,7.16472305283057,2,True,False,1764579098.0841796
64,126,-0.0024267311108185363,0.025098306116224198,-1.746031746031746,0.0,0.0,-0.020000000000000014,0.26945616660270144,-0.3057681199631356,3.162386570644249,-220.0,0.0,0.0,-2.520000000000002,33.95147699194038,22,True,False,1764579128.416364
65,180,-0.0010392124499281452,0.020071466017101483,-2.2777777777777777,0.0,0.0,-0.020000000000000014,0.2603383343439431,-0.18705824098706614,3.612863883078267,-410.0,0.0,0.0,-3.6000000000000028,46.860900181909756,41,True,False,1764579164.28436
66,186,-0.002106601529471502,0.017048905906476824,0.0,0.0,0.0,-0.020000000000000014,0.10998440050740141,-0.39182788448169936,3.1710964986046895,0.0,0.0,0.0,-3.720000000000003,20.457098494376663,0,True,False,1764579185.6288495
67,75,-0.0029770689900434277,0.005695588925712437,-5.733333333333333,0.0,-0.013333333333333334,-0.02000000000000001,0.6944367962594019,-0.22328017425325708,0.42716916942843275,-430.0,0.0,-1.0,-1.5000000000000009,52.08275971945514,43,False,True,1764579194.9243402
68,72,-0.001254801832423071,0.043101519552022474,-0.2777777777777778,0.0,0.0,-0.02000000000000001,0.08596752394447664,-0.09034573193446112,3.103309407745618,-20.0,0.0,0.0,-1.4400000000000008,6.189661724002318,2,True,False,1764579219.997152
69,91,-0.0015058265864116968,0.03259248890098717,-0.21978021978021978,0.0,0.0,-0.020000000000000014,0.07524988058704486,-0.1370302193634644,2.9659164899898327,-20.0,0.0,0.0,-1.8200000000000012,6.847739133421083,2,True,False,1764579259.6250055
70,167,-0.002048878891689245,0.01970427841812961,-0.5988023952095808,0.0,0.0,-0.020000000000000014,0.2887449772093494,-0.3421627749121039,3.290614495827645,-100.0,0.0,0.0,-3.3400000000000025,48.22041119396135,10,True,False,1764579288.17375
71,136,-0.0024132044887387317,0.024278297600165755,-1.4705882352941178,0.0,0.0,-0.020000000000000014,0.2324118965957327,-0.3281958104684675,3.3018484736225426,-200.0,0.0,0.0,-2.720000000000002,31.608017937019646,20,True,False,1764579308.7214322
72,67,-0.0017610948219594265,0.03671404611692056,0.0,0.0,0.0,-0.02000000000000001,0.0,-0.11799335307128157,2.4598410898336773,0.0,0.0,0.0,-1.3400000000000007,0.0,0,True,False,1764579317.0249152
73,128,-0.0015623046609588116,0.025285382983297564,-0.3125,0.0,0.0,-0.020000000000000014,0.1621634087380089,-0.19997499660272788,3.236529021862088,-40.0,0.0,0.0,-2.560000000000002,20.75691631846514,4,True,False,1764579342.228594
74,140,-0.0025465655630387027,0.024494497188109404,-2.142857142857143,0.0,0.0,-0.020000000000000014,0.34049879665127014,-0.3565191788254184,3.4292296063353165,-300.0,0.0,0.0,-2.800000000000002,47.66983153117782,30,True,False,1764579360.4341261
75,35,-0.0010236423644074527,0.06600088135489648,0.0,0.0,0.0,-0.020000000000000007,0.054008378511142346,-0.03582748275426084,2.310030847421377,0.0,0.0,0.0,-0.7000000000000003,1.890293247889982,0,True,False,1764579366.440246
76,23,-0.0010162723876151016,0.10081303497353922,0.0,0.0,0.0,-0.020000000000000007,0.0,-0.02337426491514734,2.318699804391402,0.0,0.0,0.0,-0.46000000000000013,0.0,0,True,False,1764579391.4240112
77,64,-0.0010250956882893894,0.040956958677701,0.0,0.0,0.0,-0.02000000000000001,0.0013124063342198435,-0.06560612405052092,2.621245355372864,0.0,0.0,0.0,-1.2800000000000007,0.08399400539006999,0,True,False,1764579428.8994324
78,63,-0.0010690005096864509,0.046685960549419085,-2.0634920634920637,0.0,0.0,-0.02000000000000001,0.24830112939909638,-0.06734703211024641,2.9412155146134022,-130.0,0.0,0.0,-1.2600000000000007,15.642971152143073,13,True,False,1764579448.0091114
79,67,-0.0011058215489081703,0.04456308395740099,-1.492537313432836,0.0,0.0,-0.02000000000000001,0.25942062311938524,-0.07409004377684741,2.9857266251458663,-100.0,0.0,0.0,-1.3400000000000007,17.381181748998813,10,True,False,1764579507.5024831
80,3,-0.002540382343819958,0.6714089002548183,0.0,0.0,0.0,-0.02,0.0,-0.007621147031459875,2.0142267007644548,0.0,0.0,0.0,-0.06,0.0,0,True,False,1764579522.3146813
81,64,-0.0009752248500452898,0.04586591285150831,-1.40625,0.0,0.0,-0.02000000000000001,0.47797114878263103,-0.06241439040289855,2.935418422496532,-90.0,0.0,0.0,-1.2800000000000007,30.590153522088386,9,True,False,1764579550.3604503
82,101,-0.0012672834739299204,0.03227343302990233,0.0,0.0,0.0,-0.020000000000000014,0.1973058655146964,-0.12799563086692195,3.259616736020135,0.0,0.0,0.0,-2.0200000000000014,19.927892416984335,0,True,False,1764579568.6004066
83,191,-0.0015730928616770302,0.01865694662825081,-1.8324607329842932,0.0,0.0,-0.020000000000000014,0.24173524224657095,-0.30046073658031275,3.5634768059959043,-350.0,0.0,0.0,-3.820000000000003,46.17143126909505,35,True,False,1764579598.5432487
84,78,-0.0011165104257455248,0.040787487188682046,0.0,0.0,0.0,-0.02000000000000001,0.012455926218182678,-0.08708781320815094,3.1814240007172,0.0,0.0,0.0,-1.560000000000001,0.9715622450182488,0,True,False,1764579607.3250096
85,76,-0.0012921002743625156,0.0063643619441688835,-1.9736842105263157,0.0,-0.013157894736842105,-0.02000000000000001,0.23579984555848985,-0.09819962085155119,0.48369150775683517,-150.0,0.0,-1.0,-1.520000000000001,17.920788262445228,15,False,True,1764579632.4373393
86,99,-0.0009585450020608311,0.032621054397397646,-0.5050505050505051,0.0,0.0,-0.020000000000000014,0.06771830156161023,-0.09489595520402228,3.229484385342367,-50.0,0.0,0.0,-1.9800000000000013,6.704111854599413,5,True,False,1764579656.9028919
87,74,-0.0009136973007402785,0.04317512337448538,-5.27027027027027,0.0,0.0,-0.02000000000000001,0.513616827994624,-0.06761360025478061,3.1949591297119184,-390.0,0.0,0.0,-1.4800000000000009,38.00764527160218,39,True,False,1764579677.2858965
88,15,-0.000880935694136734,0.1421570892535297,0.0,0.0,0.0,-0.02,0.3411360579483342,-0.01321403541205101,2.132356338802946,0.0,0.0,0.0,-0.3,5.117040869225013,0,True,False,1764579692.1092193
89,109,-0.0011320381133504702,0.028847755810824088,-0.6422018348623854,0.0,0.0,-0.020000000000000014,0.15380384489368062,-0.12339215435520125,3.1444053833798256,-70.0,0.0,0.0,-2.1800000000000015,16.764619093411188,7,True,False,1764579717.2811675
90,75,-0.0011209734016616234,0.04209573698807846,-2.533333333333333,0.0,0.0,-0.02000000000000001,0.35016379975417417,-0.08407300512462175,3.1571802741058845,-190.0,0.0,0.0,-1.5000000000000009,26.262284981563063,19,True,False,1764579756.6348333
91,150,-0.0011461685660925393,0.023214007394429553,-2.7333333333333334,0.0,0.0,-0.020000000000000014,0.3179127623566792,-0.1719252849138809,3.482101109164433,-410.0,0.0,0.0,-3.000000000000002,47.68691435350188,41,True,False,1764579779.4633155
92,36,-0.0010558216198646127,0.07003161167067427,0.0,0.0,0.0,-0.020000000000000007,0.0,-0.03800957831512606,2.521138020144274,0.0,0.0,0.0,-0.7200000000000003,0.0,0,True,False,1764579785.1325157
93,81,-0.0006860037356648898,0.04106635141241264,-1.4814814814814814,0.0,0.0,-0.02000000000000001,0.2957860665284507,-0.05556630258885607,3.326374464405424,-120.0,0.0,0.0,-1.620000000000001,23.958671388804504,12,True,False,1764579821.7814603
94,19,-0.0013718668573625278,0.11496037920781048,0.0,0.0,0.0,-0.020000000000000004,0.0,-0.026065470289888027,2.184247204948399,0.0,0.0,0.0,-0.38000000000000006,0.0,0,True,False,1764579828.727204
95,103,-0.0008666611581385473,0.03344549991877976,-2.233009708737864,0.0,0.0,-0.020000000000000014,0.40274973379240064,-0.08926609928827037,3.444886491634315,-230.0,0.0,0.0,-2.0600000000000014,41.483222580617266,23,True,False,1764579861.4136863
96,100,-0.0009344037729450608,0.034821264970194506,-3.5,0.0,0.0,-0.020000000000000014,0.3677515474486502,-0.09344037729450608,3.4821264970194505,-350.0,0.0,0.0,-2.0000000000000013,36.77515474486502,35,True,False,1764579881.8538609
97,51,-0.0008692910678467098,0.015539221741663837,0.0,0.0,-0.0196078431372549,-0.020000000000000007,0.0,-0.0443338444601822,0.7925003088248557,0.0,0.0,-1.0,-1.0200000000000005,0.0,0,False,True,1764579887.9695764
98,84,-0.0010629969618500368,0.03231995278692314,-0.8333333333333334,0.0,0.0,-0.02000000000000001,0.24688123681591778,-0.08929174479540308,2.714876034101543,-70.0,0.0,0.0,-1.680000000000001,20.738023892537093,7,True,False,1764579908.260377
99,47,-0.001019765210888074,0.054151011357356574,-3.8297872340425534,0.0,0.0,-0.02000000000000001,0.3089196771795207,-0.04792896491173948,2.545097533795759,-180.0,0.0,0.0,-0.9400000000000005,14.519224827437473,18,True,False,1764579922.5768874
100,166,-0.0011565128274818315,0.019755004884942726,-2.0481927710843375,0.0,0.0,-0.020000000000000014,0.241694409630905,-0.19198112936198403,3.279330810900493,-340.0,0.0,0.0,-3.3200000000000025,40.12127199873023,34,True,False,1764579952.9566462
101,116,-0.0013831348294612137,0.025020622701808153,0.0,0.0,0.0,-0.020000000000000014,0.06912910598715102,-0.1604436402175008,2.9023922334097456,0.0,0.0,0.0,-2.3200000000000016,8.01897629450952,0,True,False,1764579968.556422
102,57,-0.0010815815211888894,0.04570873725673286,-2.1052631578947367,0.0,0.0,-0.02000000000000001,0.2519748983960445,-0.0616501467077667,2.6053980236337733,-120.0,0.0,0.0,-1.1400000000000006,14.362569208574534,12,True,False,1764579980.3005545
103,65,-0.0008959763969869903,0.04115843532133451,0.0,0.0,0.0,-0.02000000000000001,0.061800858787097714,-0.05823846580415437,2.675298295886743,0.0,0.0,0.0,-1.3000000000000007,4.017055821161351,0,True,False,1764579997.0526125
104,88,-0.0012853318170048247,0.028066927064749433,-2.0454545454545454,0.0,0.0,-0.020000000000000014,0.2522962324789291,-0.11310919989642457,2.46988958169795,-180.0,0.0,0.0,-1.7600000000000011,22.202068458145764,18,True,False,1764580029.2550902
105,94,-0.0008067496723711837,0.032234217706022514,-2.3404255319148937,0.0,0.0,-0.020000000000000014,0.32102697121639,-0.07583446920289127,3.030016464366116,-220.0,0.0,0.0,-1.8800000000000012,30.176535294340663,22,True,False,1764580062.223072
106,82,-0.0010419796677192553,0.036716618086689405,-1.951219512195122,0.0,0.0,-0.02000000000000001,0.1824473943306269,-0.08544233275297893,3.0107626831085312,-160.0,0.0,0.0,-1.640000000000001,14.960686335111406,16,True,False,1764580078.7112467
107,211,-0.0011706424076865331,0.015800983156447325,0.0,0.0,0.0,-0.01999999999999999,0.011427991707246458,-0.24700554802185848,3.3340074460103852,0.0,0.0,0.0,-4.219999999999998,2.4113062502290026,0,True,False,1764580111.488136
108,98,-0.0010487256201783602,0.03211360985370112,0.0,0.0,0.0,-0.020000000000000014,0.0,-0.1027751107774793,3.1471337656627094,0.0,0.0,0.0,-1.9600000000000013,0.0,0,True,False,1764580158.6428587
109,32,-0.0010373829972094683,0.07404014272363955,0.0,0.0,0.0,-0.020000000000000007,0.0,-0.033196255910702986,2.3692845671564657,0.0,0.0,0.0,-0.6400000000000002,0.0,0,True,False,1764580170.6223738
110,101,-0.0012919805747997437,0.02746969792893612,-0.7920792079207921,0.0,0.0,-0.020000000000000014,0.10987868828570747,-0.1304900380547741,2.774439490822548,-80.0,0.0,0.0,-2.0200000000000014,11.097747516856455,8,True,False,1764580191.9818652
111,88,-0.0011371004013289616,0.03159971611154432,-1.25,0.0,0.0,-0.020000000000000014,0.15235158586583755,-0.10006483531694862,2.7807750178159,-110.0,0.0,0.0,-1.7600000000000011,13.406939556193704,11,True,False,1764580222.1399395
112,93,-0.0008330777730504893,0.03429584361542057,-0.8602150537634409,0.0,0.0,-0.020000000000000014,0.12236129254692607,-0.0774762328936955,3.1895134562341125,-80.0,0.0,0.0,-1.8600000000000012,11.379600206864124,8,True,False,1764580234.999701
113,144,-0.0010225938058166543,0.023714014372008263,-2.638888888888889,0.0,0.0,-0.020000000000000014,0.3029395792425421,-0.14725350803759824,3.41481806956919,-380.0,0.0,0.0,-2.880000000000002,43.623299410926066,38,True,False,1764580262.2241871
114,133,-0.0008385988704182775,0.027805223707907282,-2.030075187969925,0.0,0.0,-0.020000000000000014,0.22587179145003813,-0.1115336497656309,3.6980947531516684,-270.0,0.0,0.0,-2.660000000000002,30.04094826285507,27,True,False,1764580281.0547283
115,20,-0.0011413133228456902,0.11086375596819949,0.0,0.0,0.0,-0.020000000000000004,0.0511481489490002,-0.022826266456913803,2.2172751193639897,0.0,0.0,0.0,-0.4000000000000001,1.022962978980004,0,True,False,1764580291.9590979
116,164,-0.0009981941010563475,0.023146391730607,-0.9146341463414634,0.0,0.0,-0.020000000000000014,0.18052215846697475,-0.163703832573241,3.796008243819548,-150.0,0.0,0.0,-3.2800000000000025,29.60563398858386,15,True,False,1764580324.6266708
117,93,-0.0011428280202284617,0.030733971579672066,-0.10752688172043011,0.0,0.0,-0.020000000000000014,0.06502987510212178,-0.10628300588124694,2.8582593569095023,-10.0,0.0,0.0,-1.8600000000000012,6.0477783844973265,1,True,False,1764580336.7478542
118,70,-0.0009322839256794942,0.04393510722976219,0.0,0.0,0.0,-0.02000000000000001,0.00019844078150996658,-0.0652598747975646,3.075457506083353,0.0,0.0,0.0,-1.4000000000000008,0.013890854705697661,0,True,False,1764580352.139384
119,174,-0.0010159557749842602,0.01962105765384072,-1.0344827586206897,0.0,0.0,-0.020000000000000014,0.12175789840095637,-0.17677630484726128,3.414064031768285,-180.0,0.0,0.0,-3.4800000000000026,21.18587432176641,18,True,False,1764580376.3197076
120,78,-0.001384289189721553,0.03755819908696129,0.0,0.0,0.0,-0.02000000000000001,0.08220947950992093,-0.10797455679828113,2.929539528782981,0.0,0.0,0.0,-1.560000000000001,6.412339401773832,0,True,False,1764580388.2934976
121,76,-0.0008864610394343377,0.03920543232772333,0.0,0.0,0.0,-0.02000000000000001,0.002678168642685936,-0.06737103899700966,2.9796128569069733,0.0,0.0,0.0,-1.520000000000001,0.20354081684413114,0,True,False,1764580405.5813942
122,198,-0.001154601339867891,0.01537383779445808,-2.676767676767677,0.0,0.0,-0.020000000000000014,0.36084677114824565,-0.22861106529384242,3.0440198833027,-530.0,0.0,0.0,-3.960000000000003,71.44766068735264,53,True,False,1764580436.6211064
123,112,-0.0009494534419636061,0.02877864871770472,-2.232142857142857,0.0,0.0,-0.020000000000000014,0.2778311710461912,-0.10633878549992389,3.2232086563829285,-250.0,0.0,0.0,-2.2400000000000015,31.117091157173416,25,True,False,1764580448.7968864
124,112,-0.001087795750684608,0.026686099054640484,-2.9464285714285716,0.0,0.0,-0.020000000000000014,0.35110646265897916,-0.12183312407667608,2.9888430941197344,-330.0,0.0,0.0,-2.2400000000000015,39.323923817805664,33,True,False,1764580461.8635612
125,83,-0.0007766123835121989,0.04020504285249273,0.0,0.0,0.0,-0.02000000000000001,0.0,-0.06445882783151251,3.3370185567568966,0.0,0.0,0.0,-1.660000000000001,0.0,0,True,False,1764580478.8025653
126,88,-0.0012253505028747053,0.0333960988066536,-1.25,0.0,0.0,-0.020000000000000014,0.18362857719240255,-0.10783084425297407,2.9388566949855166,-110.0,0.0,0.0,-1.7600000000000011,16.159314792931426,11,True,False,1764580497.03133
127,142,-0.001069697378695477,0.02263688030774331,-2.3943661971830985,0.0,0.0,-0.020000000000000014,0.3367108364993349,-0.15189702777475772,3.21443700369955,-340.0,0.0,0.0,-2.840000000000002,47.81293878290556,34,True,False,1764580524.2664568
128,76,-0.001311572590126147,0.03489991941994665,-0.9210526315789473,0.0,0.0,-0.02000000000000001,0.1754497547293281,-0.09967951684958717,2.652393875915945,-70.0,0.0,0.0,-1.520000000000001,13.334181359428936,7,True,False,1764580537.865127
129,89,-0.0011807355810912346,0.032148775754597195,-2.696629213483146,0.0,0.0,-0.020000000000000014,0.30629207649010576,-0.10508546671711988,2.8612410421591505,-240.0,0.0,0.0,-1.7800000000000011,27.25999480761941,24,True,False,1764580555.8288867
130,20,-0.0006243794888486239,0.1141219927723572,0.0,0.0,0.0,-0.020000000000000004,0.0,-0.012487589776972478,2.282439855447144,0.0,0.0,0.0,-0.4000000000000001,0.0,0,True,False,1764580561.808264
131,53,-0.0010412568578965513,0.042881243225832,-4.150943396226415,0.0,0.0,-0.02000000000000001,0.3267600887889634,-0.055186613468517214,2.272705890969096,-220.0,0.0,0.0,-1.0600000000000005,17.31828470581506,22,True,False,1764580586.0982697
132,102,-0.0010377145966364509,0.030995310367135848,-1.5686274509803921,0.0,0.0,-0.020000000000000014,0.18470816326976322,-0.105846888856918,3.1615216574478566,-160.0,0.0,0.0,-2.0400000000000014,18.840232653515848,16,True,False,1764580624.0893755
133,27,-0.0006180469729452094,0.08945023596156775,0.0,0.0,0.0,-0.020000000000000004,0.0,-0.016687268269520654,2.415156370962329,0.0,0.0,0.0,-0.5400000000000001,0.0,0,True,False,1764580630.6792362
134,73,-0.0010371345458100305,0.04195176121974786,-0.136986301369863,0.0,0.0,-0.02000000000000001,0.062057401205233,-0.07571082184413223,3.062478569041594,-10.0,0.0,0.0,-1.4600000000000009,4.530190287982009,1,True,False,1764580647.6195693
135,108,-0.0008360749499834888,0.03298514467444858,0.0,0.0,0.0,-0.020000000000000014,0.10978386126359496,-0.09029609459821679,3.5623956248404465,0.0,0.0,0.0,-2.1600000000000015,11.856657016468256,0,True,False,1764580664.8374736
136,86,-0.0009173649239834165,0.039688915225653744,-0.6976744186046512,0.0,0.0,-0.020000000000000014,0.10515656663767388,-0.07889338346257382,3.4132467094062218,-60.0,0.0,0.0,-1.720000000000001,9.043464730839954,6,True,False,1764580679.0707362
137,50,-0.000915740221651288,0.04717691097581719,0.0,0.0,0.0,-0.020000000000000007,0.10843556426242022,-0.0457870110825644,2.3588455487908595,0.0,0.0,0.0,-1.0000000000000004,5.421778213121011,0,True,False,1764580688.8005075
138,65,-0.0009893309003301965,0.04132927181466056,0.0,0.0,0.0,-0.02000000000000001,0.05559678568005521,-0.06430650852146277,2.6864026679529367,0.0,0.0,0.0,-1.3000000000000007,3.6137910692035886,0,True,False,1764580738.5857403
139,109,-0.0010150845361272896,0.028687408531509796,-0.3669724770642202,0.0,0.0,-0.020000000000000014,0.17900560202358562,-0.11064421443787456,3.1269275299345676,-40.0,0.0,0.0,-2.1800000000000015,19.51161062057083,4,True,False,1764580761.6182868
140,125,-0.0010095682417184644,0.02576294512867333,-1.36,0.0,0.0,-0.020000000000000014,0.1648207338747683,-0.12619603021480805,3.2203681410841662,-170.0,0.0,0.0,-2.5000000000000018,20.60259173434604,17,True,False,1764580815.4809887
141,102,-0.0008850948441218475,0.029480633233725077,-1.0784313725490196,0.0,0.0,-0.020000000000000014,0.1287314210070697,-0.09027967410042845,3.0070245898399577,-110.0,0.0,0.0,-2.0400000000000014,13.130604942721108,11,True,False,1764580827.2667687
142,55,-0.0008003445751911734,0.05092831507575304,0.0,0.0,0.0,-0.02000000000000001,0.07424844792428746,-0.04401895163551454,2.801057329166417,0.0,0.0,0.0,-1.1000000000000005,4.08366463583581,0,True,False,1764580840.141182
143,51,-0.0009809393353094322,0.05194622099658637,-0.19607843137254902,0.0,0.0,-0.020000000000000007,0.10568019680442722,-0.05002790610078104,2.649257270825905,-10.0,0.0,0.0,-1.0200000000000005,5.3896900370257885,1,True,False,1764580855.911275
144,152,-0.0010365818110060017,0.023855207115258913,-1.5789473684210527,0.0,0.0,-0.020000000000000014,0.23058031854232483,-0.15756043527291225,3.625991481519355,-240.0,0.0,0.0,-3.0400000000000023,35.048208418433376,24,True,False,1764580887.9891248
145,31,-0.0007007065468507141,0.0800384314108571,0.0,0.0,0.0,-0.020000000000000007,0.0,-0.021721902952372137,2.48119137373657,0.0,0.0,0.0,-0.6200000000000002,0.0,0,True,False,1764580891.4523175
146,149,-0.0008677524536709662,0.024030925483185448,-0.9395973154362416,0.0,0.0,-0.020000000000000014,0.13167752801190943,-0.12929511559697396,3.580607896994632,-140.0,0.0,0.0,-2.980000000000002,19.619951673774505,14,True,False,1764580921.7157867
147,146,-0.0009592215282685961,0.024751346880661856,-0.273972602739726,0.0,0.0,-0.020000000000000014,0.05461209615379094,-0.14004634312721503,3.613696644576631,-40.0,0.0,0.0,-2.920000000000002,7.973366038453476,4,True,False,1764580952.8831232
148,100,-0.0007526959039970794,0.03648178694472579,0.0,0.0,0.0,-0.020000000000000014,0.0002844099983156792,-0.07526959039970794,3.648178694472579,0.0,0.0,0.0,-2.0000000000000013,0.02844099983156792,0,True,False,1764580987.6223953
149,86,-0.001001737459384789,0.03422328690040655,-0.11627906976744186,0.0,0.0,-0.020000000000000014,0.057965698965042604,-0.08614942150709186,2.9432026734349637,-10.0,0.0,0.0,-1.720000000000001,4.985050110993664,1,True,False,1764581003.7673056
150,79,-0.0008650009587650449,0.03654543513224525,-2.0253164556962027,0.0,0.0,-0.02000000000000001,0.240875593446224,-0.06833507574243855,2.887089375447375,-160.0,0.0,0.0,-1.580000000000001,19.029171882251696,16,True,False,1764581031.3977597
151,151,-0.0009676226011058544,0.01987909295477158,-2.5165562913907285,0.0,0.0,-0.020000000000000014,0.30008631148948184,-0.14611101276698402,3.0017430361705086,-380.0,0.0,0.0,-3.0200000000000022,45.313033034911754,38,True,False,1764581053.8940868
152,18,-0.0006781564997651147,0.1251215336244046,0.0,0.0,0.0,-0.020000000000000004,0.0,-0.012206816995772064,2.2521876052392824,0.0,0.0,0.0,-0.36000000000000004,0.0,0,True,False,1764581055.9563277
153,17,-0.0006820682652511283,0.1275871530368436,0.0,0.0,0.0,-0.02,0.0,-0.01159516050926918,2.1689816016263412,0.0,0.0,0.0,-0.34,0.0,0,True,False,1764581069.6430628
154,80,-0.0008174783904200539,0.03839839934801049,-0.875,0.0,0.0,-0.02000000000000001,0.15822404740307194,-0.06539827123360431,3.071871947840839,-70.0,0.0,0.0,-1.600000000000001,12.657923792245755,7,True,False,1764581093.3384874
155,71,-0.0008232379513548491,0.041899284649477946,0.0,0.0,0.0,-0.02000000000000001,0.34799038968548524,-0.058449894546194286,2.974849210112934,0.0,0.0,0.0,-1.4200000000000008,24.70731766766945,0,True,False,1764581106.3219652
156,65,-0.0007599378500280675,0.04780397320713731,-1.0769230769230769,0.0,0.0,-0.02000000000000001,0.12580914728861842,-0.04939596025182439,3.107258258463925,-70.0,0.0,0.0,-1.3000000000000007,8.177594573760198,7,True,False,1764581119.3802001
157,90,-0.0010537019795791203,0.035376842063817526,-3.0,0.0,0.0,-0.020000000000000014,0.19426996014391007,-0.09483317816212082,3.1839157857435776,-270.0,0.0,0.0,-1.8000000000000012,17.484296412951906,27,True,False,1764581133.5491025
158,57,-0.0009714145487093403,0.042692962717011916,-1.2280701754385965,0.0,0.0,-0.02000000000000001,0.6452883672249736,-0.055370629276432395,2.433498874869679,-70.0,0.0,0.0,-1.1400000000000006,36.7814369318235,7,True,False,1764581146.2854068
159,27,-0.000814404516345891,0.08555841798613342,0.0,0.0,0.0,-0.020000000000000004,0.0,-0.021988921941339057,2.3100772856256024,0.0,0.0,0.0,-0.5400000000000001,0.0,0,True,False,1764581160.4343798
160,10,-0.001064740918094777,0.21352386654264066,0.0,0.0,0.0,-0.019999999999999997,0.0,-0.01064740918094777,2.1352386654264066,0.0,0.0,0.0,-0.19999999999999998,0.0,0,True,False,1764581174.2303472
161,103,-0.0015429372107804338,0.0319055996143014,-0.5825242718446602,0.0,0.0,-0.020000000000000014,0.27520673654972433,-0.15892253271038467,3.2862767602730445,-60.0,0.0,0.0,-2.0600000000000014,28.346293864621604,6,True,False,1764581210.0067248
162,64,-0.0013932508096165495,0.04582490719745524,-1.875,0.0,0.0,-0.02000000000000001,0.1765721268157471,-0.08916805181545917,2.932794060637135,-120.0,0.0,0.0,-1.2800000000000007,11.300616116207815,12,True,False,1764581224.2704816
163,77,-0.0010967144564639794,0.042232060199608255,0.0,0.0,0.0,-0.02000000000000001,0.008954968424588849,-0.08444701314772642,3.251868635369836,0.0,0.0,0.0,-1.540000000000001,0.6895325686933413,0,True,False,1764581259.6422296
164,98,-0.0008962401476050979,0.03543105661680221,-5.408163265306122,0.0,0.0,-0.020000000000000014,0.624794102173435,-0.0878315344652996,3.4722435484466168,-530.0,0.0,0.0,-1.9600000000000013,61.229822012996635,53,True,False,1764581286.045733
165,106,-0.0011326243490947952,0.03208392351588101,-1.509433962264151,0.0,0.0,-0.020000000000000014,0.23629020260740002,-0.1200581810040483,3.400895892683387,-160.0,0.0,0.0,-2.1200000000000014,25.046761476384404,16,True,False,1764581301.0367565
166,87,-0.0011886005499973417,0.01283079989127156,-0.22988505747126436,0.0,-0.011494252873563218,-0.020000000000000014,0.060075402634739726,-0.10340824784976872,1.1162795905406258,-20.0,0.0,-1.0,-1.740000000000001,5.226560029222356,2,False,True,1764581362.0538497
167,81,-0.0011308397649146746,0.037691508523303996,-0.8641975308641975,0.0,0.0,-0.02000000000000001,0.13521495036488987,-0.09159802095808864,3.0530121903876237,-70.0,0.0,0.0,-1.620000000000001,10.95241097955608,7,True,False,1764581376.7905204
168,151,-0.0012460420564721609,0.02218926402921636,-0.6622516556291391,0.0,0.0,-0.020000000000000014,0.4706863427481134,-0.18815235052729629,3.35057886841167,-100.0,0.0,0.0,-3.0200000000000022,71.07363775496512,10,True,False,1764581412.2068367
169,18,-0.00108971888369367,0.1232908411545545,0.0,0.0,0.0,-0.020000000000000004,0.0,-0.01961493990648606,2.219235140781981,0.0,0.0,0.0,-0.36000000000000004,0.0,0,True,False,1764581414.6586308
170,58,-0.0013063330849921015,0.04996754581889838,-0.1724137931034483,0.0,0.0,-0.02000000000000001,0.1156238230952495,-0.07576731892954189,2.898117657496106,-10.0,0.0,0.0,-1.1600000000000006,6.706181739524471,1,True,False,1764581498.5171874
171,76,-0.0011363216131919371,0.03389861179249359,-0.39473684210526316,0.0,0.0,-0.02000000000000001,0.2772044189053444,-0.08636044260258723,2.5762944962295125,-30.0,0.0,0.0,-1.520000000000001,21.067535836806176,3,True,False,1764581514.7447193
172,188,-0.0010855520701058272,0.018692702064832943,-2.5,0.0,0.0,-0.020000000000000014,0.3724251189955125,-0.2040837891798955,3.5142279881885936,-470.0,0.0,0.0,-3.760000000000003,70.01592237115635,47,True,False,1764581543.3198404
173,108,-0.001192735931355901,0.022983285917101554,-0.7407407407407407,0.0,0.0,-0.020000000000000014,0.10588307419348929,-0.1288154805864373,2.482194879046968,-80.0,0.0,0.0,-2.1600000000000015,11.435372012896844,8,True,False,1764581557.6105587
174,92,-0.0010998692374635385,0.007550697545405699,0.0,0.0,-0.010869565217391304,-0.020000000000000014,6.975354417145161e-05,-0.10118796984664555,0.6946641741773243,0.0,0.0,-1.0,-1.8400000000000012,0.006417326063773549,0,False,True,1764581590.221138
175,21,-0.001501192480928508,0.010954951732804185,0.0,0.0,-0.047619047619047616,-0.020000000000000004,0.0,-0.03152504209949867,0.23005398638888788,0.0,0.0,-1.0,-0.4200000000000001,0.0,0,False,True,1764581623.5695028
176,87,-0.00106495197058047,0.032494864230797726,-2.7586206896551726,0.0,0.0,-0.020000000000000014,0.4032323069498339,-0.09265082144050088,2.827053188079402,-240.0,0.0,0.0,-1.740000000000001,35.08121070463555,24,True,False,1764581646.6669612
177,63,-0.0014643834170436918,0.0376611533126065,0.0,0.0,0.0,-0.02000000000000001,0.0,-0.09225615527375258,2.3726526586942094,0.0,0.0,0.0,-1.2600000000000007,0.0,0,True,False,1764581666.3395476
178,9,-0.001603931192085789,0.00953254424481742,0.0,0.0,-0.1111111111111111,-0.02,0.0,-0.014435380728772101,0.08579289820335678,0.0,0.0,-1.0,-0.18,0.0,0,False,True,1764581693.0703995
179,63,-0.0016965453157040322,0.008018089450865917,0.0,0.0,-0.015873015873015872,-0.02000000000000001,0.0,-0.10688235488935403,0.5051396354045528,0.0,0.0,-1.0,-1.2600000000000007,0.0,0,False,True,1764581732.4237883
180,248,-0.0015774527740593338,0.01284348488143459,-0.24193548387096775,0.0,0.0,-0.019999999999999928,0.12920642462530751,-0.3912082879667148,3.1851842505957784,-60.0,0.0,0.0,-4.959999999999982,32.043193307076265,6,True,False,1764581790.3517034
181,300,-0.0021681091467787485,0.003065941741472293,0.0,0.0,0.0,-0.019999999999999865,0.004818153947212039,-0.6504327440336246,0.9197825224416879,0.0,0.0,0.0,-5.99999999999996,1.4454461841636117,0,False,True,1764581844.8717673
182,264,-0.0018495432405189933,0.0042669648711325696,-0.9090909090909091,0.0,-0.003787878787878788,-0.019999999999999907,0.12157591851326804,-0.48827941549701426,1.1264787259789983,-240.0,0.0,-1.0,-5.279999999999975,32.096042487502764,24,False,True,1764581883.3583937
183,286,-0.0017228475633652288,0.01046986577710474,0.0,0.0,0.0,-0.019999999999999882,0.0,-0.4927344031224554,2.9943816122519555,0.0,0.0,0.0,-5.719999999999966,0.0,0,True,False,1764581932.4751637
184,240,-0.0013895178205238173,0.012747251741634548,0.0,0.0,0.0,-0.01999999999999994,0.09170534941716792,-0.33348427692571614,3.0593404179922916,0.0,0.0,0.0,-4.799999999999986,22.0092838601203,0,True,False,1764581971.3926039
185,176,-0.0017651084418440525,0.014787652462571417,-0.11363636363636363,0.0,0.0,-0.020000000000000014,0.03368698804429609,-0.31065908576455326,2.6026268334125695,-20.0,0.0,0.0,-3.5200000000000027,5.928909895796111,2,True,False,1764582007.0551946
186,185,-0.001865473300670186,0.013839871659038093,0.0,0.0,0.0,-0.020000000000000014,0.0,-0.34511256062398443,2.5603762569220474,0.0,0.0,0.0,-3.700000000000003,0.0,0,True,False,1764582055.4313493
187,4,-0.0027972592199653353,0.004322208102859604,0.0,0.0,-0.25,-0.02,0.0,-0.011189036879861341,0.017288832411438415,0.0,0.0,-1.0,-0.08,0.0,0,False,True,1764582072.8040726
188,194,-0.0017890019736639094,0.014450675992780194,-0.8247422680412371,0.0,0.0,-0.020000000000000014,0.10758040003678619,-0.34706638289079844,2.803431142599358,-160.0,0.0,0.0,-3.880000000000003,20.87059760713652,16,True,False,1764582276.7190652
189,219,-0.0018474918680579887,0.012627888988073458,0.0,0.0,0.0,-0.019999999999999976,0.0001778678477938481,-0.4046007191046995,2.7655076883880874,0.0,0.0,0.0,-4.379999999999995,0.03895305866685273,0,True,False,1764582328.1075675
190,300,-0.0019018102672585457,0.004347697445200384,-0.5,0.0,0.0,-0.019999999999999865,0.14294081369510403,-0.5705430801775637,1.3043092335601152,-150.0,0.0,0.0,-5.99999999999996,42.88224410853121,15,False,True,1764582384.074236
191,121,-0.0021346181283645486,0.0024581457021392236,0.0,0.0,-0.008264462809917356,-0.020000000000000014,0.0,-0.2582887935321104,0.29743562995884604,0.0,0.0,-1.0,-2.4200000000000017,0.0,0,False,True,1764582404.668545
192,150,-0.0018819426353655765,0.016804995586667145,-0.6,0.0,0.0,-0.020000000000000014,0.07394759055172544,-0.2822913953048365,2.520749338000072,-90.0,0.0,0.0,-3.000000000000002,11.092138582758816,9,True,False,1764582453.072929
193,266,-0.0018609817458525894,0.012056501410249642,-0.07518796992481203,0.0,0.0,-0.019999999999999903,0.055978639597798745,-0.4950211443967888,3.207029375126405,-20.0,0.0,0.0,-5.3199999999999745,14.890318133014466,2,True,False,1764582518.1639633
194,300,-0.0021174967772195855,0.002778618657129009,0.0,0.0,0.0,-0.019999999999999865,0.2250324881000732,-0.6352490331658757,0.8335855971387026,0.0,0.0,0.0,-5.99999999999996,67.50974643002196,0,False,True,1764582569.4243362
195,238,-0.002069552648860919,0.002947707532703683,-0.16806722689075632,0.0,-0.004201680672268907,-0.01999999999999994,0.029815008138231434,-0.49255353042889877,0.7015543927834766,-40.0,0.0,-1.0,-4.7599999999999865,7.0959719368990815,4,False,True,1764582605.2071044
196,113,-0.001879737791001284,0.003073962658149443,0.0,0.0,-0.008849557522123894,-0.020000000000000014,0.0,-0.2124103703831451,0.34735778037088705,0.0,0.0,-1.0,-2.2600000000000016,0.0,0,False,True,1764582633.9897768
197,300,-0.0023078540267490065,0.00264961218173915,-0.26666666666666666,0.0,0.0,-0.019999999999999865,0.0873031519887993,-0.692356208024702,0.794883654521745,-80.0,0.0,0.0,-5.99999999999996,26.19094559663979,8,False,True,1764582707.9395823
198,263,-0.002417739694282028,0.010271400884719898,-0.34220532319391633,0.0,0.0,-0.019999999999999907,0.07770928476097565,-0.6358655395961734,2.701378432681333,-90.0,0.0,0.0,-5.259999999999976,20.437541892136593,9,True,False,1764582745.277755
199,300,-0.00222833475294371,0.0028006849872971046,0.0,0.0,0.0,-0.019999999999999865,0.04534691181032766,-0.6685004258831131,0.8402054961891314,0.0,0.0,0.0,-5.99999999999996,13.604073543098298,0,False,True,1764582795.900678
200,300,-0.002141041130306005,0.0030334351809340036,-0.9,0.0,0.0,-0.019999999999999865,0.2522886364078775,-0.6423123390918014,0.9100305542802011,-270.0,0.0,0.0,-5.99999999999996,75.68659092236325,27,False,True,1764582843.9934623
201,300,-0.002623344448893568,0.0023866201108091,0.0,0.0,0.0,-0.019999999999999865,0.003314115799774789,-0.7870033346680704,0.71598603324273,0.0,0.0,0.0,-5.99999999999996,0.9942347399324366,0,False,True,1764582888.586629
202,300,-0.002388022227312743,0.0027882088909525183,-0.4,0.0,0.0,-0.019999999999999865,0.04795541893227225,-0.7164066681938229,0.8364626672857555,-120.0,0.0,0.0,-5.99999999999996,14.386625679681675,12,False,True,1764582936.4640613
203,191,-0.001954709606931537,0.014059154378002198,-0.4712041884816754,0.0,0.0,-0.020000000000000014,0.13410053281868378,-0.3733495349239236,2.6852984861984197,-90.0,0.0,0.0,-3.820000000000003,25.6132017683686,9,True,False,1764583125.3881874
204,300,-0.0020750295637179186,0.003500543419951678,-0.16666666666666666,0.0,0.0,-0.019999999999999865,0.1473047227768246,-0.6225088691153756,1.0501630259855035,-50.0,0.0,0.0,-5.99999999999996,44.19141683304738,5,False,True,1764583184.3111596
205,273,-0.0019926806787884787,0.010297743978658085,-0.6959706959706959,0.0,0.0,-0.019999999999999896,0.08469865532362363,-0.5440018253092547,2.811284106173657,-190.0,0.0,0.0,-5.4599999999999715,23.12273290334925,19,True,False,1764583220.242674
206,300,-0.002010283864258883,0.0031431169893981654,-0.9666666666666667,0.0,0.0,-0.019999999999999865,0.1846318696849509,-0.6030851592776649,0.9429350968194496,-290.0,0.0,0.0,-5.99999999999996,55.38956090548527,29,False,True,1764583260.4191911
207,300,-0.0024248397270893924,0.0027313831540800647,-0.8333333333333334,0.0,0.0,-0.019999999999999865,0.24984522233671125,-0.7274519181268178,0.8194149462240193,-250.0,0.0,0.0,-5.99999999999996,74.95356670101337,25,False,True,1764583298.9919446
208,191,-0.0023364267501390615,0.013581187758776283,-0.4712041884816754,0.0,0.0,-0.020000000000000014,0.19113893127065404,-0.4462575092765607,2.59400686192627,-90.0,0.0,0.0,-3.820000000000003,36.50753587269492,9,True,False,1764583322.1732657
209,196,-0.00293058896544416,0.0019185207524022873,0.0,0.0,-0.00510204081632653,-0.020000000000000014,0.0,-0.5743954372270553,0.37603006747084833,0.0,0.0,-1.0,-3.920000000000003,0.0,0,False,True,1764583360.2101197
210,275,-0.0027264885126515926,0.002194837327916972,-0.4727272727272727,0.0,-0.0036363636363636364,-0.019999999999999893,0.05825613909356563,-0.749784340979188,0.6035802651771673,-130.0,0.0,-1.0,-5.499999999999971,16.02043825073055,13,False,True,1764583409.6446538
211,155,-0.0025869200450493617,0.0025462801761912653,-0.5161290322580645,0.0,-0.0064516129032258064,-0.020000000000000014,0.5595989887176398,-0.4009726069826511,0.3946734273096461,-80.0,0.0,-1.0,-3.1000000000000023,86.73784325123417,8,False,True,1764583432.291084
212,300,-0.0029267668694404384,0.002170336013398915,-0.4666666666666667,0.0,0.0,-0.019999999999999865,0.06503765381929026,-0.8780300608321315,0.6511008040196745,-140.0,0.0,0.0,-5.99999999999996,19.511296145787078,14,False,True,1764583489.1300237
213,300,-0.0027150710353734853,0.0020592013544203586,-0.5,0.0,0.0,-0.019999999999999865,0.0626796840788103,-0.8145213106120456,0.6177604063261076,-150.0,0.0,0.0,-5.99999999999996,18.803905223643092,15,False,True,1764583530.584475
214,213,-0.0023442379054250864,0.0030674937533954672,-1.267605633802817,0.0,-0.004694835680751174,-0.019999999999999987,0.17661119576846607,-0.4993226738555434,0.6533761694732345,-270.0,0.0,-1.0,-4.259999999999997,37.61818469868327,27,False,True,1764583562.4264576
215,300,-0.0027653558286069987,0.001944111097089336,0.0,0.0,0.0,-0.019999999999999865,0.030597071300474756,-0.8296067485820996,0.5832333291268008,0.0,0.0,0.0,-5.99999999999996,9.179121390142427,0,False,True,1764583623.990929
216,149,-0.0022314997545221115,0.016418318295526486,-0.4697986577181208,0.0,0.0,-0.020000000000000014,0.06484859909704911,-0.3324934634237946,2.4463294260334463,-70.0,0.0,0.0,-2.980000000000002,9.662441265460318,7,True,False,1764583646.2670207
217,300,-0.0028351330647895232,0.002212782049046044,0.0,0.0,0.0,-0.019999999999999865,0.0,-0.850539919436857,0.6638346147138132,0.0,0.0,0.0,-5.99999999999996,0.0,0,False,True,1764583718.873683
218,300,-0.0026498697065496556,0.002433568588032844,0.0,0.0,0.0,-0.019999999999999865,0.09068012950218668,-0.7949609119648967,0.7300705764098532,0.0,0.0,0.0,-5.99999999999996,27.204038850656005,0,False,True,1764583912.9822006
219,56,-0.0028250403974405557,0.03779526504260318,0.0,0.0,0.0,-0.02000000000000001,0.0,-0.1582022622566711,2.116534842385778,0.0,0.0,0.0,-1.1200000000000006,0.0,0,True,False,1764583921.361558
220,300,-0.0022118850884185557,0.002521930207729769,0.0,0.0,0.0,-0.019999999999999865,0.004865633875601459,-0.6635655265255667,0.7565790623189307,0.0,0.0,0.0,-5.99999999999996,1.4596901626804377,0,False,True,1764584005.4405265
221,300,-0.002926615867745422,0.0022643889844186638,-0.03333333333333333,0.0,0.0,-0.019999999999999865,0.0519164390321157,-0.8779847603236266,0.6793166953255991,-10.0,0.0,0.0,-5.99999999999996,15.57493170963471,1,False,True,1764584050.0498724
222,300,-0.0028500484642176452,0.001926303699779163,0.0,0.0,0.0,-0.019999999999999865,0.0003924124652371031,-0.8550145392652936,0.5778911099337489,0.0,0.0,0.0,-5.99999999999996,0.11772373957113093,0,False,True,1764584097.689734
223,248,-0.0025896422542880135,0.003258548512017071,-1.3709677419354838,0.0,-0.004032258064516129,-0.019999999999999928,0.34454731483362083,-0.6422312790634274,0.8081200309802337,-340.0,0.0,-1.0,-4.959999999999982,85.44773407873797,34,False,True,1764584134.3452294
224,300,-0.0025690638004688296,0.0024044260790252194,-0.03333333333333333,0.0,0.0,-0.019999999999999865,0.09319190430414173,-0.7707191401406489,0.7213278237075658,-10.0,0.0,0.0,-5.99999999999996,27.95757129124252,1,False,True,1764584190.2468154
225,300,-0.002400222573849195,0.0033324187011886095,-0.7666666666666667,0.0,0.0,-0.019999999999999865,0.13748332324372983,-0.7200667721547586,0.9997256103565828,-230.0,0.0,0.0,-5.99999999999996,41.24499697311895,23,False,True,1764584235.6371098
226,300,-0.0021899183940610506,0.002447205812440899,0.0,0.0,0.0,-0.019999999999999865,0.0005068661913128366,-0.6569755182183151,0.7341617437322697,0.0,0.0,0.0,-5.99999999999996,0.15205985739385097,0,False,True,1764584281.9490228
227,300,-0.0034077321055093588,0.001450586272735769,0.0,0.0,0.0,-0.019999999999999865,2.642153206788415e-07,-1.0223196316528076,0.43517588182073075,0.0,0.0,0.0,-5.99999999999996,7.926459620365245e-05,0,False,True,1764584330.3856432
228,300,-0.0024533491091174066,0.0026627872537087712,-0.4,0.0,0.0,-0.019999999999999865,0.1508443347444838,-0.7360047327352219,0.7988361761126314,-120.0,0.0,0.0,-5.99999999999996,45.253300423345145,12,False,True,1764584375.0294793
229,300,-0.002482500645794374,0.003278455137498272,-1.3,0.0,0.0,-0.019999999999999865,0.31164580234729433,-0.7447501937383122,0.9835365412494815,-390.0,0.0,0.0,-5.99999999999996,93.4937407041883,39,False,True,1764584423.8400972
230,300,-0.0026319286772155375,0.0032528035804571015,0.0,0.0,0.0,-0.019999999999999865,0.15156108343572255,-0.7895786031646612,0.9758410741371304,0.0,0.0,0.0,-5.99999999999996,45.46832503071677,0,False,True,1764584470.15624
231,300,-0.0023270064222435773,0.0025747005666855475,0.0,0.0,0.0,-0.019999999999999865,0.023393280503885488,-0.6981019266730732,0.7724101700056643,0.0,0.0,0.0,-5.99999999999996,7.0179841511656464,0,False,True,1764584515.7747722
232,245,-0.002119785351558916,0.012047009072030128,0.0,0.0,0.0,-0.01999999999999993,0.49294694845998793,-0.5193474111319344,2.9515172226473814,0.0,0.0,0.0,-4.8999999999999835,120.77200237269705,0,True,False,1764584557.506006
233,300,-0.002580503103575579,0.0025241551157693955,-1.5,0.0,0.0,-0.019999999999999865,0.16980210842323123,-0.7741509310726737,0.7572465347308187,-450.0,0.0,0.0,-5.99999999999996,50.940632526969374,45,False,True,1764584755.8539395
