episode_index,steps,mean_reward_drift,mean_reward_progress,mean_reward_intrusion,mean_reward_path_efficiency,mean_reward_boundary,mean_reward_step,mean_reward_proximity,sum_reward_drift,sum_reward_progress,sum_reward_intrusion,sum_reward_path_efficiency,sum_reward_boundary,sum_reward_step,sum_reward_proximity,total_intrusions,terminated_waypoint,terminated_collision,truncated,finished_at
1,7,-0.0005175931672554723,0.013657119669970694,-2.142857142857143,0.0,0.0,-0.005,0.2719757958149633,-0.003623152170788306,0.09559983768979485,-15.0,0.0,0.0,-0.035,1.9038305707047432,1,False,True,False,1764682906.9786868
2,7,-0.003558854946546389,0.003552388565669703,0.0,0.0,0.0,-0.005,0.37630886605535974,-0.024911984625824724,0.024866719959687922,0.0,0.0,0.0,-0.035,2.634162062387518,0,False,True,False,1764682912.237215
3,8,-0.0006714148754391794,0.015163678066862474,-1.875,0.0,0.0,-0.005,0.16330380085333368,-0.0053713190035134355,0.12130942453489979,-15.0,0.0,0.0,-0.04,1.3064304068266694,1,False,True,False,1764682932.61145
4,16,-0.003920659584176209,0.0010278885264628328,0.0,0.0,-0.125,-0.005,0.012944975180764935,-0.06273055334681935,0.016446216423405324,0.0,0.0,-2.0,-0.08,0.20711960289223896,0,False,False,True,1764682950.0617864
5,9,-0.0016631101813767274,0.012477458976277302,0.0,0.0,0.0,-0.005,0.32076762753849425,-0.014967991632390546,0.11229713078649572,0.0,0.0,0.0,-0.045,2.886908647846448,0,False,True,False,1764682986.684365
6,88,-0.005881541013568515,-0.006431844136957276,-0.8522727272727273,0.0,-0.022727272727272728,-0.005000000000000004,0.24957875958259745,-0.5175756091940293,-0.5660022840522403,-75.0,0.0,-2.0,-0.4400000000000003,21.962930843268577,5,False,False,True,1764683063.3135529
7,43,-0.003392420777222008,0.003609868244625402,-0.3488372093023256,0.0,0.0,-0.005000000000000003,0.040203267529444635,-0.14587409342054633,0.15522433451889228,-15.0,0.0,0.0,-0.2150000000000001,1.7287405037661194,1,False,True,False,1764683095.5673318
8,21,-0.005364592110222451,-0.0006019105263414669,0.0,0.0,0.0,-0.005000000000000001,0.23143006158390284,-0.11265643431467146,-0.012640121053170805,0.0,0.0,0.0,-0.10500000000000002,4.86003129326196,0,False,True,False,1764683122.4101794
9,39,-0.0033727409495314387,0.0030623414388452207,-0.38461538461538464,0.0,0.0,-0.005000000000000003,0.10016292960400117,-0.1315368970317261,0.1194313161149636,-15.0,0.0,0.0,-0.1950000000000001,3.9063542545560455,1,False,True,False,1764683157.803685
10,34,-0.0037576919698932326,0.0014226777299343348,0.0,0.0,-0.058823529411764705,-0.005000000000000002,0.0,-0.12776152697636992,0.048371042817767385,0.0,0.0,-2.0,-0.17000000000000007,0.0,0,False,False,True,1764683200.245255
11,4,-0.003840735052076012,0.0020827862992248702,-3.75,0.0,0.0,-0.005,0.48057914505697513,-0.015362940208304048,0.008331145196899481,-15.0,0.0,0.0,-0.02,1.9223165802279005,1,False,True,False,1764683244.470769
12,24,-0.0043389742748153335,0.0004748001492485184,0.0,0.0,-0.08333333333333333,-0.005000000000000002,0.00022850790652042567,-0.10413538259556801,0.011395203581964441,0.0,0.0,-2.0,-0.12000000000000004,0.005484189756490216,0,False,False,True,1764683272.2779005
13,80,-0.0013935483774587692,0.037676267673512065,0.0,0.0,0.0,-0.005000000000000003,0.005479657960428752,-0.11148387019670154,3.014101413880965,0.0,0.0,0.0,-0.40000000000000024,0.43837263683430017,0,True,False,False,1764683341.6275864
14,83,-0.000947124543726482,0.03256062844720463,0.0,0.0,0.0,-0.005000000000000003,0.05164620710032553,-0.078611337129298,2.7025321611179844,0.0,0.0,0.0,-0.41500000000000026,4.286635189327019,0,True,False,False,1764683362.852226
15,1,-0.001676147581880459,2.0,0.0,0.0,0.0,-0.005,0.0,-0.001676147581880459,2.0,0.0,0.0,0.0,-0.005,0.0,0,True,False,False,1764683382.3765557
16,3,-0.0013871340866177275,0.006352269337526417,-5.0,0.0,0.0,-0.005,0.7297734250652553,-0.004161402259853182,0.01905680801257925,-15.0,0.0,0.0,-0.015,2.189320275195766,1,False,True,False,1764683402.1127648
17,4,-0.0030926202429312436,0.005241661803320696,-3.75,0.0,0.0,-0.005,0.6566411399521076,-0.012370480971724974,0.020966647213282785,-15.0,0.0,0.0,-0.02,2.6265645598084304,1,False,True,False,1764683436.089228
18,46,-0.004096251135523881,0.0011821849662198498,-0.32608695652173914,0.0,0.0,-0.005000000000000003,0.21716113343188828,-0.18842755223409852,0.054380508446113085,-15.0,0.0,0.0,-0.23000000000000012,9.98941213786686,1,False,True,False,1764683477.5494764
19,7,-0.0028319276750068635,0.005349526164240321,-2.142857142857143,0.0,0.0,-0.005,0.7494266243771911,-0.019823493725048043,0.03744668314968225,-15.0,0.0,0.0,-0.035,5.245986370640337,1,False,True,False,1764683489.7456021
20,144,-0.005544117727429094,-0.0038272031586131607,0.0,0.0,-0.013888888888888888,-0.005000000000000004,0.31615610696097796,-0.7983529527497896,-0.5511172548402952,0.0,0.0,-2.0,-0.7200000000000005,45.52647940238082,0,False,False,True,1764683545.5941453
21,18,-0.0008065586249030758,0.012109295404436109,-0.8333333333333334,0.0,0.0,-0.005000000000000001,0.15472429129926557,-0.014518055248255364,0.21796731727984997,-15.0,0.0,0.0,-0.09000000000000001,2.7850372433867805,1,False,True,False,1764683553.9920785
22,22,-0.0011548429536732895,0.008736589627407613,0.0,0.0,0.0,-0.005000000000000001,0.3078274121548301,-0.025406544980812372,0.19220497180296747,0.0,0.0,0.0,-0.11000000000000003,6.772203067406262,0,False,True,False,1764683646.2112153
23,35,-0.0016297467061672098,0.01016684556385263,0.0,0.0,0.0,-0.005000000000000002,0.2930606744820939,-0.05704113471585234,0.35583959473484206,0.0,0.0,0.0,-0.17500000000000007,10.257123606873286,0,False,True,False,1764683675.5309212
24,15,-0.0008553597054971083,0.014556819337305274,-1.0,0.0,0.0,-0.005,0.14624393082732526,-0.012830395582456624,0.21835229005957912,-15.0,0.0,0.0,-0.075,2.193658962409879,1,False,True,False,1764683698.9260385
25,23,-0.006831642992759871,-0.00835086572147994,-0.6521739130434783,0.0,0.0,-0.005000000000000002,0.20519659844786028,-0.15712778883347703,-0.19206991159403863,-15.0,0.0,0.0,-0.11500000000000003,4.7195217643007865,1,False,True,False,1764683712.976973
26,50,-0.002672781233560004,0.0065596480425854815,0.0,0.0,0.0,-0.005000000000000002,0.18648272757600914,-0.13363906167800021,0.3279824021292741,0.0,0.0,0.0,-0.2500000000000001,9.324136378800457,0,False,True,False,1764683755.149992
27,11,-0.0034236174561129667,0.004335804697011184,0.0,0.0,0.0,-0.004999999999999999,0.16413650874975036,-0.037659792017242635,0.04769385166712303,0.0,0.0,0.0,-0.05499999999999999,1.805501596247254,0,False,True,False,1764683781.8696597
28,31,-0.0007811946505586717,0.014102672224893135,-0.4838709677419355,0.0,0.0,-0.005000000000000002,0.12688855510111227,-0.024217034167318824,0.4371828389716872,-15.0,0.0,0.0,-0.15500000000000005,3.933545208134481,1,False,True,False,1764683814.5814748
29,15,-0.006268315762386342,-0.001636005561773568,-1.0,0.0,0.0,-0.005,0.15400289643173687,-0.09402473643579513,-0.02454008342660352,-15.0,0.0,0.0,-0.075,2.310043446476053,1,False,True,False,1764683832.6958635
30,10,-0.0012215980393212825,0.010563649052114576,-1.5,0.0,0.0,-0.004999999999999999,0.14338139597191338,-0.012215980393212825,0.10563649052114576,-15.0,0.0,0.0,-0.049999999999999996,1.4338139597191337,1,False,True,False,1764683860.509898
31,82,-0.0021938788266619583,0.030473157499786647,0.0,0.0,0.0,-0.005000000000000003,0.050152217275730125,-0.17989806378628057,2.498798914982505,0.0,0.0,0.0,-0.41000000000000025,4.11248181660987,0,True,False,False,1764683905.537409
32,18,-0.0007916055365007486,0.12375724669168542,0.0,0.0,0.0,-0.005000000000000001,0.0,-0.014248899657013474,2.2276304404503375,0.0,0.0,0.0,-0.09000000000000001,0.0,0,True,False,False,1764683934.8875706
33,6,-0.005254700515551228,0.0006357350489411736,-2.5,0.0,0.0,-0.005,0.4660066920563291,-0.031528203093307366,0.0038144102936470414,-15.0,0.0,0.0,-0.030000000000000002,2.7960401523379748,1,False,True,False,1764683954.1218798
34,54,-0.003790220324519861,0.0022459320171439013,-0.2777777777777778,0.0,0.0,-0.005000000000000003,0.4258195259584301,-0.2046718975240725,0.12128032892577068,-15.0,0.0,0.0,-0.27000000000000013,22.994254401755224,1,False,True,False,1764683988.6599607
35,166,-0.00268334854480349,0.019914018509510766,0.0,0.0,0.0,-0.005000000000000004,0.0662382378811216,-0.4454358584373793,3.305727072578787,0.0,0.0,0.0,-0.8300000000000006,10.995547488266185,0,True,False,False,1764684027.7685778
36,47,-0.0009041221568762342,0.05888659206589036,0.0,0.0,0.0,-0.005000000000000003,0.013350288497226925,-0.04249374137318301,2.7676698270968467,0.0,0.0,0.0,-0.23500000000000013,0.6274635593696655,0,True,False,False,1764684041.878777
37,206,-0.003327469837572568,0.016732609844688124,-0.5097087378640777,0.0,0.0,-0.005,0.3059282668518954,-0.6854587865399491,3.446917628005753,-105.0,0.0,0.0,-1.03,63.021222971490445,7,True,False,False,1764684108.0339763
38,24,-0.0016918415527513433,0.012610110173531197,0.0,0.0,0.0,-0.005000000000000002,0.1445008649576087,-0.04060419726603224,0.30264264416474873,0.0,0.0,0.0,-0.12000000000000004,3.4680207589826084,0,False,True,False,1764684112.5441113
39,130,-0.0015285067365787739,0.02567803303760662,0.0,0.0,0.0,-0.005000000000000004,0.03793064351785717,-0.1987058757552406,3.33814429488886,0.0,0.0,0.0,-0.6500000000000005,4.930983657321431,0,True,False,False,1764684156.6610093
40,8,-0.0013671118735152175,0.0106404203472526,-1.875,0.0,0.0,-0.005,0.206656156673362,-0.01093689498812174,0.0851233627780208,-15.0,0.0,0.0,-0.04,1.653249253386896,1,False,True,False,1764684170.7459216
41,26,-0.004044307351897606,0.0018878697036099474,-0.5769230769230769,0.0,0.0,-0.005000000000000001,0.2203200700918807,-0.10515199114933775,0.04908461229385863,-15.0,0.0,0.0,-0.13000000000000003,5.7283218223888985,1,False,True,False,1764684202.7711818
42,33,-0.0022754488752476662,0.007757306777524102,0.0,0.0,0.0,-0.005000000000000002,0.14022641718241902,-0.07508981288317298,0.25599112365829535,0.0,0.0,0.0,-0.16500000000000006,4.627471767019827,0,False,True,False,1764684239.445951
43,3,-0.0005187971923955731,0.012967451912839545,-5.0,0.0,0.0,-0.005,0.5767246834458053,-0.0015563915771867193,0.038902355738518635,-15.0,0.0,0.0,-0.015,1.730174050337416,1,False,True,False,1764684266.9993055
44,36,-0.000821270275555855,0.06633630874626055,0.0,0.0,0.0,-0.005000000000000002,0.0,-0.02956572992001078,2.3881071148653796,0.0,0.0,0.0,-0.18000000000000008,0.0,0,True,False,False,1764684356.1303747
45,13,-0.002684510006041807,0.00501258451362123,0.0,0.0,0.0,-0.004999999999999999,0.2124784579771128,-0.03489863007854349,0.065163598677076,0.0,0.0,0.0,-0.06499999999999999,2.7622199537024663,0,False,True,False,1764684387.3033705
46,10,-0.0023216524135835563,0.006298339085630922,-1.5,0.0,0.0,-0.004999999999999999,0.2810398486232297,-0.023216524135835564,0.06298339085630922,-15.0,0.0,0.0,-0.049999999999999996,2.8103984862322973,1,False,True,False,1764684421.7066526
47,1,-0.0007058302104927698,2.0,0.0,0.0,0.0,-0.005,0.0,-0.0007058302104927698,2.0,0.0,0.0,0.0,-0.005,0.0,0,True,False,False,1764684445.844857
48,11,-0.0018276233545096781,0.005663719021999994,-1.3636363636363635,0.0,0.0,-0.004999999999999999,0.22854630723973673,-0.02010385689960646,0.062300909241999936,-15.0,0.0,0.0,-0.05499999999999999,2.514009379637104,1,False,True,False,1764684501.9112127
49,72,-0.00402626661638707,0.0005898108729279421,-6.666666666666667,0.0,0.0,-0.005000000000000003,0.32621784797892406,-0.28989119637986904,0.042466382850811835,-480.0,0.0,0.0,-0.3600000000000002,23.487685054482533,32,False,True,False,1764684544.9590213
50,71,-0.004636130762768624,-0.0010077943928216947,0.0,0.0,0.0,-0.005000000000000003,0.15596527883764635,-0.3291652841565723,-0.07155340189034032,0.0,0.0,0.0,-0.3550000000000002,11.073534797472892,0,False,True,False,1764684587.7965167
51,16,-0.0016331456984043779,0.006957874313292964,-0.9375,0.0,0.0,-0.005,0.3471567072881371,-0.026130331174470046,0.11132598901268742,-15.0,0.0,0.0,-0.08,5.554507316610193,1,False,True,False,1764684609.2642078
52,25,-0.0006965561515455182,0.09340994672138227,0.0,0.0,0.0,-0.005000000000000001,0.0,-0.017413903788637955,2.3352486680345566,0.0,0.0,0.0,-0.12500000000000003,0.0,0,True,False,False,1764684683.7347727
53,3,-0.0006562017725252569,0.011153448401836555,-5.0,0.0,0.0,-0.005,0.628537976433455,-0.001968605317575771,0.03346034520550967,-15.0,0.0,0.0,-0.015,1.885613929300365,1,False,True,False,1764684709.003857
54,87,-0.006990132379306041,-0.002854386292932616,0.0,0.0,0.0,-0.005000000000000004,0.20576037602547317,-0.6081415169996256,-0.2483316074851376,0.0,0.0,0.0,-0.4350000000000003,17.901152714216167,0,False,True,False,1764684747.8148494
55,53,-0.001270701794402805,0.052713102817338146,0.0,0.0,0.0,-0.005000000000000003,0.23923197576574087,-0.06734719510334866,2.7937944493189217,0.0,0.0,0.0,-0.2650000000000001,12.679294715584266,0,True,False,False,1764684769.6674707
56,180,-0.005570385838899088,0.0002726696271966595,-4.916666666666667,0.0,0.0,-0.005000000000000004,0.5675774519796593,-1.002669451001836,0.04908053289539871,-885.0,0.0,0.0,-0.9000000000000007,102.16394135633867,59,False,True,False,1764684827.1093638
57,38,-0.000878954180118372,0.06081210096676769,0.0,0.0,0.0,-0.005000000000000002,0.0,-0.03340025884449813,2.310859836737172,0.0,0.0,0.0,-0.19000000000000009,0.0,0,True,False,False,1764684857.3269603
58,51,-0.0035689000558563333,0.0019535320591326667,0.0,0.0,0.0,-0.005000000000000002,0.1062010640364736,-0.182013902848673,0.09963013501576601,0.0,0.0,0.0,-0.2550000000000001,5.416254265860154,0,False,True,False,1764684885.4469485
59,41,-0.0032002293740523383,0.005706576862862131,0.0,0.0,-0.04878048780487805,-0.005000000000000003,0.1589553348585651,-0.13120940433614586,0.23396965137734738,0.0,0.0,-2.0,-0.2050000000000001,6.5171687292011695,0,False,False,True,1764684910.0937011
60,5,-0.004092989527114807,0.0017675422598444567,-3.0,0.0,0.0,-0.005,0.5403135059925462,-0.020464947635574035,0.008837711299222284,-15.0,0.0,0.0,-0.025,2.7015675299627313,1,False,True,False,1764684946.784361
61,53,-0.004841986747755869,-0.003951229492981344,-1.1320754716981132,0.0,0.0,-0.005000000000000003,0.4676420914008826,-0.25662529763106107,-0.20941516312801123,-60.0,0.0,0.0,-0.2650000000000001,24.785030844246776,4,False,True,False,1764684979.7017803
62,157,-0.0020940737277456434,0.02400640015651927,0.0,0.0,0.0,-0.005000000000000004,0.04039530999120704,-0.328769575256066,3.7690048245735253,0.0,0.0,0.0,-0.7850000000000006,6.342063668619505,0,True,False,False,1764685099.6173415
63,107,-0.003238804007453106,0.025199856079343552,0.0,0.0,0.0,-0.005000000000000004,0.2432285464356112,-0.3465520287974823,2.6963846004897603,0.0,0.0,0.0,-0.5350000000000004,26.0254544686104,0,True,False,False,1764685138.638755
64,68,-0.0008668679186285139,0.04579579008760124,0.0,0.0,0.0,-0.005000000000000003,0.0,-0.05894701846673894,3.1141137259568845,0.0,0.0,0.0,-0.3400000000000002,0.0,0,True,False,False,1764685157.9735966
65,115,-0.0018642014720276123,0.028341760655513797,0.0,0.0,0.0,-0.005000000000000004,0.1860302170907448,-0.2143831692831754,3.2593024753840867,0.0,0.0,0.0,-0.5750000000000004,21.39347496543565,0,True,False,False,1764685191.4588137
66,6,-0.0014710588860690366,0.010944968623106436,-2.5,0.0,0.0,-0.005,0.3100642637442617,-0.00882635331641422,0.06566981173863862,-15.0,0.0,0.0,-0.030000000000000002,1.8603855824655704,1,False,True,False,1764685198.9129198
67,12,-0.0035109641709249865,0.0037182788160990223,-3.75,0.0,0.0,-0.004999999999999999,0.2083565829227373,-0.04213157005109984,0.04461934579318827,-45.0,0.0,0.0,-0.05999999999999999,2.5002789950728475,3,False,True,False,1764685230.9052787
68,20,-0.0009357967101831764,0.11407111617349106,0.0,0.0,0.0,-0.005000000000000001,0.0,-0.018715934203663527,2.281422323469821,0.0,0.0,0.0,-0.10000000000000002,0.0,0,True,False,False,1764685272.0768948
69,25,-0.0007217484769116621,0.09269859576027907,0.0,0.0,0.0,-0.005000000000000001,0.0,-0.018043711922791552,2.3174648940069766,0.0,0.0,0.0,-0.12500000000000003,0.0,0,True,False,False,1764685327.9486299
70,8,-0.0021020301645194835,0.008105212405767892,-1.875,0.0,0.0,-0.005,0.353826107281061,-0.016816241316155868,0.06484169924614314,-15.0,0.0,0.0,-0.04,2.830608858248488,1,False,True,False,1764685366.4456866
71,23,-0.0012870622734773443,0.009625715757040954,-0.6521739130434783,0.0,0.0,-0.005000000000000002,0.14840642512106775,-0.02960243228997892,0.22139146241194196,-15.0,0.0,0.0,-0.11500000000000003,3.413347777784558,1,False,True,False,1764685410.5559745
72,37,-0.0035105130772821584,0.002286341294405444,-0.40540540540540543,0.0,0.0,-0.005000000000000002,0.1408714365447969,-0.12988898385943987,0.08459462789300143,-15.0,0.0,0.0,-0.18500000000000008,5.212243152157485,1,False,True,False,1764685474.269547
73,16,-0.003597294878441463,0.004115462259942679,-0.9375,0.0,0.0,-0.005,0.21677625495793812,-0.057556718055063405,0.06584739615908286,-15.0,0.0,0.0,-0.08,3.46842007932701,1,False,True,False,1764685538.7093828
74,91,-0.006340658073472839,-0.00392112640153315,-0.16483516483516483,0.0,0.0,-0.005000000000000004,0.4802544767122725,-0.5769998846860284,-0.35682250253951664,-15.0,0.0,0.0,-0.4550000000000003,43.7031573808168,1,False,True,False,1764685594.8717682
75,137,-0.0017240856256775425,0.011915997746417826,0.0,0.0,-0.014598540145985401,-0.005000000000000004,0.15279963540721234,-0.23619973071782333,1.6324916912592422,0.0,0.0,-2.0,-0.6850000000000005,20.93355005078809,0,False,False,True,1764685624.610398
76,57,-0.0009186029566160994,0.05028378665014125,0.0,0.0,0.0,-0.005000000000000003,0.2906169671673113,-0.052360368527117666,2.866175839058051,0.0,0.0,0.0,-0.28500000000000014,16.565167128536743,0,True,False,False,1764685671.7956333
77,17,-0.0012445992526810977,0.013089638376837598,0.0,0.0,0.0,-0.005,0.08891911442790755,-0.02115818729557866,0.22252385240623918,0.0,0.0,0.0,-0.085,1.5116249452744284,0,False,True,False,1764685715.9665916
78,45,-0.003352867386543542,0.0040704033746925055,-0.3333333333333333,0.0,0.0,-0.005000000000000003,0.12440851672978012,-0.15087903239445938,0.18316815186116275,-15.0,0.0,0.0,-0.22500000000000012,5.598383252840105,1,False,True,False,1764685747.5588715
79,29,-0.0007763013490738533,0.08419371517684072,0.0,0.0,0.0,-0.005000000000000002,0.014323189684136395,-0.022512739123141747,2.441617740128381,0.0,0.0,0.0,-0.14500000000000005,0.41537250083995547,0,True,False,False,1764685760.1186893
80,74,-0.0008226917911391667,0.04315754378832453,0.0,0.0,0.0,-0.005000000000000003,0.004677053765005782,-0.06087919254429834,3.193658240336015,0.0,0.0,0.0,-0.3700000000000002,0.3461019786104279,0,True,False,False,1764685886.2722287
81,4,-0.002840736201229931,0.006868042587302697,-3.75,0.0,0.0,-0.005,0.6400388737334726,-0.011362944804919724,0.02747217034921079,-15.0,0.0,0.0,-0.02,2.5601554949338903,1,False,True,False,1764685905.7956111
82,97,-0.005499275543252859,-0.002925484516822386,0.0,0.0,-0.020618556701030927,-0.005000000000000004,0.27834005735605805,-0.5334297276955273,-0.28377199813177145,0.0,0.0,-2.0,-0.4850000000000003,26.99898556353763,0,False,False,True,1764686004.899801
83,122,-0.004266898098984912,0.000925810711481853,0.0,0.0,0.0,-0.005000000000000004,0.13862018101500648,-0.5205615680761593,0.11294890680078606,0.0,0.0,0.0,-0.6100000000000004,16.91166208383079,0,False,True,False,1764686037.599751
84,5,-0.0033129969653814062,0.003989018194587945,-3.0,0.0,0.0,-0.005,0.5156574960154285,-0.01656498482690703,0.019945090972939727,-15.0,0.0,0.0,-0.025,2.5782874800771425,1,False,True,False,1764686061.4794512
85,23,-0.0008477922319989012,0.014390479482393513,-0.6521739130434783,0.0,0.0,-0.005000000000000002,0.07870125017656136,-0.019499221335974728,0.3309810280950508,-15.0,0.0,0.0,-0.11500000000000003,1.8101287540609114,1,False,True,False,1764686119.6358855
86,13,-0.0008089431123859351,0.16765528632326104,0.0,0.0,0.0,-0.004999999999999999,0.0,-0.010516260461017156,2.1795187222023937,0.0,0.0,0.0,-0.06499999999999999,0.0,0,True,False,False,1764686154.8024404
87,136,-0.004619046513802126,7.482104969876903e-05,0.0,0.0,-0.014705882352941176,-0.005000000000000004,0.4248710143225347,-0.6281903258770891,0.010175662759032589,0.0,0.0,-2.0,-0.6800000000000005,57.78245794786472,0,False,False,True,1764686238.4385324
88,136,-0.004191215910210518,0.0024404630673103378,0.0,0.0,0.0,-0.005000000000000004,0.19187486539665657,-0.5700053637886304,0.3319029771542059,0.0,0.0,0.0,-0.6800000000000005,26.094981693945293,0,False,True,False,1764686273.2000463
89,129,-0.0027101971932961414,0.023706907976585496,-0.11627906976744186,0.0,0.0,-0.005000000000000004,0.23954679927812164,-0.3496154379352022,3.058191128979529,-15.0,0.0,0.0,-0.6450000000000005,30.90153710687769,1,True,False,False,1764686308.1858811
90,8,-0.0005530565582480474,0.012801353973367902,-1.875,0.0,0.0,-0.005,0.2419590175474919,-0.004424452465984379,0.10241083178694321,-15.0,0.0,0.0,-0.04,1.9356721403799353,1,False,True,False,1764686330.4849298
91,19,-0.0011193544143267386,0.009517627065021503,-0.7894736842105263,0.0,0.0,-0.005000000000000001,0.21619118695344736,-0.021267733872208035,0.18083491423540854,-15.0,0.0,0.0,-0.09500000000000001,4.1076325521155,1,False,True,False,1764686378.7949724
92,71,-0.005871923941519543,-0.004897377083795182,0.0,0.0,0.0,-0.005000000000000003,0.09805040371507046,-0.4169065998478876,-0.34771377294945793,0.0,0.0,0.0,-0.3550000000000002,6.961578663770003,0,False,True,False,1764686412.202533
93,30,-0.0042273284136640586,0.0019397831318828328,-0.5,0.0,0.0,-0.005000000000000002,0.1155877323004419,-0.12681985240992175,0.05819349395648499,-15.0,0.0,0.0,-0.15000000000000005,3.467631969013257,1,False,True,False,1764686427.9390657
94,42,-0.005909454645589814,-0.001735741214530586,-0.35714285714285715,0.0,0.0,-0.005000000000000003,0.15451626969517543,-0.2481970951147722,-0.07290113101028461,-15.0,0.0,0.0,-0.2100000000000001,6.489683327197368,1,False,True,False,1764686643.9853015
95,12,-0.0005485693911585675,0.17603309581872337,0.0,0.0,0.0,-0.004999999999999999,0.0,-0.0065828326939028105,2.1123971498246803,0.0,0.0,0.0,-0.05999999999999999,0.0,0,True,False,False,1764686680.9276328
96,17,-0.0015340697952275838,0.006854260214191871,-0.8823529411764706,0.0,0.0,-0.005,0.17344575216117009,-0.026079186518868924,0.11652242364126181,-15.0,0.0,0.0,-0.085,2.9485777867398912,1,False,True,False,1764686722.7942052
97,36,-0.00679132228734041,-0.010887823633326564,0.0,0.0,0.0,-0.005000000000000002,0.08220661958280823,-0.24448760234425476,-0.3919616507997563,0.0,0.0,0.0,-0.18000000000000008,2.9594383049810964,0,False,True,False,1764686781.660327
98,190,-0.0040478433878608985,0.014021443678668935,0.0,0.0,0.0,-0.005000000000000004,0.10689658814809523,-0.7690902436935707,2.6640742989470976,0.0,0.0,0.0,-0.9500000000000007,20.310351748138093,0,True,False,False,1764686872.4354303
99,12,-0.002270098918715189,0.005359480368843798,-1.25,0.0,0.0,-0.004999999999999999,0.1626656915705473,-0.027241187024582267,0.06431376442612557,-15.0,0.0,0.0,-0.05999999999999999,1.9519882988465678,1,False,True,False,1764686883.826897
100,31,-0.0010291935642511268,0.07848429262622252,0.0,0.0,0.0,-0.005000000000000002,0.0439757552192287,-0.03190500049178493,2.433013071412898,0.0,0.0,0.0,-0.15500000000000005,1.3632484117960897,0,True,False,False,1764686929.1984015
101,83,-0.005646104613420387,-0.001872569638295676,0.0,0.0,0.0,-0.005000000000000003,0.29837708905238114,-0.46862668291389215,-0.1554232799785411,0.0,0.0,0.0,-0.41500000000000026,24.765298391347635,0,False,True,False,1764686978.2663565
102,56,-0.0034892281538553985,0.002191992108945186,-0.26785714285714285,0.0,0.0,-0.005000000000000003,0.07634914679184336,-0.19539677661590232,0.12275155810093041,-15.0,0.0,0.0,-0.28000000000000014,4.275552220343228,1,False,True,False,1764687003.0377827
103,2,-0.002290806739155533,0.00691760165181976,-7.5,0.0,0.0,-0.005,0.7465731038956298,-0.004581613478311066,0.01383520330363952,-15.0,0.0,0.0,-0.01,1.4931462077912596,1,False,True,False,1764687028.4729922
104,100,-0.006286168043581404,-0.0022852120787943187,0.0,0.0,-0.02,-0.005000000000000004,0.12315626152761176,-0.6286168043581404,-0.22852120787943186,0.0,0.0,-2.0,-0.5000000000000003,12.315626152761176,0,False,False,True,1764687081.8436043
105,54,-0.0009575281615264978,0.050735779741117676,0.0,0.0,0.0,-0.005000000000000003,0.0,-0.051706520722430885,2.7397321060203543,0.0,0.0,0.0,-0.27000000000000013,0.0,0,True,False,False,1764687149.0575628
106,15,-0.0019444481458097402,0.008266250415021123,-1.0,0.0,0.0,-0.005,0.16966855749261686,-0.029166722187146103,0.12399375622531683,-15.0,0.0,0.0,-0.075,2.545028362389253,1,False,True,False,1764687210.4486384
107,3,-0.002822034687274226,0.005251686047819115,-5.0,0.0,0.0,-0.005,0.7969565542202192,-0.008466104061822678,0.015755058143457346,-15.0,0.0,0.0,-0.015,2.3908696626606574,1,False,True,False,1764687234.5726054
108,72,-0.0016933253805694287,0.012604050748025269,0.0,0.0,0.0,-0.005000000000000003,0.13918362629953218,-0.12191942740099887,0.9074916538578194,0.0,0.0,0.0,-0.3600000000000002,10.021221093566316,0,False,True,False,1764687407.1416621
109,24,-0.0010773254451648163,0.012698784986025799,0.0,0.0,0.0,-0.005000000000000002,0.10395421178939522,-0.02585581068395559,0.30477083966461915,0.0,0.0,0.0,-0.12000000000000004,2.494901082945485,0,False,True,False,1764687431.7959342
110,107,-0.005693814063686905,-0.004263403670773853,-1.2616822429906542,0.0,-0.018691588785046728,-0.005000000000000004,0.2841679509897134,-0.6092381048144988,-0.4561841927728023,-135.0,0.0,-2.0,-0.5350000000000004,30.405970755899336,9,False,False,True,1764687514.480821
111,14,-0.0012174195779276462,0.01278993884720531,0.0,0.0,0.0,-0.004999999999999999,0.246661044417198,-0.01704387409098705,0.17905914386087435,0.0,0.0,0.0,-0.06999999999999999,3.453254621840772,0,False,True,False,1764687551.0548625
112,11,-0.006616571260829648,-0.005138660940811421,-1.3636363636363635,0.0,0.0,-0.004999999999999999,0.291341600638825,-0.07278228386912612,-0.05652527034892563,-15.0,0.0,0.0,-0.05499999999999999,3.204757607027075,1,False,True,False,1764687593.6037214
113,43,-0.0015210991997308828,0.005818259566821889,-0.3488372093023256,0.0,0.0,-0.005000000000000003,0.32112842334716896,-0.06540726558842797,0.25018516137334124,-15.0,0.0,0.0,-0.2150000000000001,13.808522203928266,1,False,True,False,1764687633.9182541
114,11,-0.0005660201041794104,0.19392130013835274,0.0,0.0,0.0,-0.004999999999999999,0.271773637629878,-0.006226221145973514,2.13313430152188,0.0,0.0,0.0,-0.05499999999999999,2.989510013928658,0,True,False,False,1764687688.0278637
115,17,-0.001256708193605801,0.006737380279378006,-0.8823529411764706,0.0,0.0,-0.005,0.2014826757075949,-0.021364039291298615,0.11453546474942611,-15.0,0.0,0.0,-0.085,3.425205487029113,1,False,True,False,1764687729.1035647
116,22,-0.004717943936733762,0.0009723653884849818,-0.6818181818181818,0.0,0.0,-0.005000000000000001,0.441975598226519,-0.10379476660814277,0.0213920385466696,-15.0,0.0,0.0,-0.11000000000000003,9.723463160983417,1,False,True,False,1764687773.9983761
117,45,-0.004454207143475961,0.0002160510456015421,0.0,0.0,0.0,-0.005000000000000003,0.3782838452622765,-0.20043932145641827,0.009722297052069395,0.0,0.0,0.0,-0.22500000000000012,17.02277303680244,0,False,True,False,1764687810.4168324
118,12,-0.0007267458383163956,0.007851450240710637,-1.25,0.0,0.0,-0.004999999999999999,0.1642424229679851,-0.008720950059796747,0.09421740288852765,-15.0,0.0,0.0,-0.05999999999999999,1.9709090756158214,1,False,True,False,1764687880.467445
119,56,-0.003938435216638727,0.0005013289799937362,-1.3392857142857142,0.0,-0.03571428571428571,-0.005000000000000003,0.17007420339183016,-0.22055237213176868,0.02807442287964923,-75.0,0.0,-2.0,-0.28000000000000014,9.52415538994249,5,False,False,True,1764687945.6356952
120,18,-0.006096077348734972,-0.002275738779656101,0.0,0.0,0.0,-0.005000000000000001,0.2935604701216889,-0.1097293922772295,-0.040963298033809825,0.0,0.0,0.0,-0.09000000000000001,5.2840884621904,0,False,True,False,1764687984.5614705
121,11,-0.0013945482876240413,0.006992760644431853,-1.3636363636363635,0.0,0.0,-0.004999999999999999,0.23991814055536131,-0.015340031163864455,0.07692036708875039,-15.0,0.0,0.0,-0.05499999999999999,2.6390995461089743,1,False,True,False,1764688156.99355
122,3,-0.0008965811676780615,0.673314352356635,0.0,0.0,0.0,-0.005,0.0,-0.0026897435030341843,2.019943057069905,0.0,0.0,0.0,-0.015,0.0,0,True,False,False,1764688201.0886226
123,51,-0.0006070078557258895,0.05404002313225135,0.0,0.0,0.0,-0.005000000000000002,0.0,-0.03095740064202036,2.7560411797448188,0.0,0.0,0.0,-0.2550000000000001,0.0,0,True,False,False,1764688273.001894
124,103,-0.0042197335156885256,0.0014599578304352232,-1.3106796116504855,0.0,0.0,-0.005000000000000004,0.29779965217719345,-0.43463255211591817,0.15037565653482798,-135.0,0.0,0.0,-0.5150000000000003,30.673364174250924,9,False,True,False,1764688330.568451
125,13,-0.001657927094434245,0.010228599120229732,-1.1538461538461537,0.0,0.0,-0.004999999999999999,0.15574272662286281,-0.021553052227645184,0.13297178856298653,-15.0,0.0,0.0,-0.06499999999999999,2.0246554460972166,1,False,True,False,1764688356.8219695
126,2,-0.0020573251167720734,0.008448802882305206,-7.5,0.0,0.0,-0.005,0.7390497925260933,-0.004114650233544147,0.016897605764610413,-15.0,0.0,0.0,-0.01,1.4780995850521865,1,False,True,False,1764688398.9313207
127,4,-0.002489555069774545,0.0076789727944679975,-3.75,0.0,0.0,-0.005,0.7367014030487006,-0.00995822027909818,0.03071589117787199,-15.0,0.0,0.0,-0.02,2.9468056121948023,1,False,True,False,1764688465.545861
128,71,-0.0013969523010438057,0.009568049261080774,-3.8028169014084505,0.0,0.0,-0.005000000000000003,0.3470901194599428,-0.0991836133741102,0.6793314975367349,-270.0,0.0,0.0,-0.3550000000000002,24.643398481655936,18,False,True,False,1764688516.2242563
129,63,-0.004690599451534352,-0.001464842684345772,-1.6666666666666667,0.0,0.0,-0.005000000000000003,0.12313693523739408,-0.2955077654466642,-0.09228508911378364,-105.0,0.0,0.0,-0.31500000000000017,7.757626919955827,7,False,True,False,1764688554.170953
130,66,-0.0044379782473680995,-0.0009575737229494943,0.0,0.0,0.0,-0.005000000000000003,0.26312232260978574,-0.2929065643262946,-0.06319986571466663,0.0,0.0,0.0,-0.3300000000000002,17.366073292245858,0,False,True,False,1764688630.2341003
131,5,-0.003958538434523236,0.0016611123615402957,-3.0,0.0,0.0,-0.005,0.5244533019317057,-0.019792692172616182,0.008305561807701478,-15.0,0.0,0.0,-0.025,2.6222665096585285,1,False,True,False,1764688670.061141
132,6,-0.0028520759774317227,0.005333700281417701,-2.5,0.0,0.0,-0.005,0.31741052344866594,-0.017112455864590335,0.032002201688506204,-15.0,0.0,0.0,-0.030000000000000002,1.9044631406919956,1,False,True,False,1764688705.419719
133,29,-0.0018900643115373256,0.005362579506590039,-0.5172413793103449,0.0,0.0,-0.005000000000000002,0.2037629863244643,-0.05481186503458244,0.15551480569111115,-15.0,0.0,0.0,-0.14500000000000005,5.909126603409464,1,False,True,False,1764688751.382241
134,3,-0.0024789865537577995,0.007083590265802409,-5.0,0.0,0.0,-0.005,0.5210472948207653,-0.007436959661273399,0.021250770797407226,-15.0,0.0,0.0,-0.015,1.5631418844622957,1,False,True,False,1764688876.253364
135,116,-0.0006743208709530233,0.028858835576464934,0.0,0.0,0.0,-0.005000000000000004,0.14386308458403113,-0.07822122103055071,3.3476249268699325,0.0,0.0,0.0,-0.5800000000000004,16.68811781174761,0,True,False,False,1764688925.448101
136,31,-0.0006471012024151606,0.07988100880172298,0.0,0.0,0.0,-0.005000000000000002,0.0,-0.020060137274869976,2.4763112728534127,0.0,0.0,0.0,-0.15500000000000005,0.0,0,True,False,False,1764688956.907932
137,15,-0.006460763092190611,-0.00824706941427403,-1.0,0.0,0.0,-0.005,0.5336096106370076,-0.09691144638285916,-0.12370604121411044,-15.0,0.0,0.0,-0.075,8.004144159555114,1,False,True,False,1764689027.4617841
138,54,-0.0005464780807010471,0.050269338413512166,0.0,0.0,0.0,-0.005000000000000003,0.07943521924898622,-0.02950981635785654,2.714544274329657,0.0,0.0,0.0,-0.27000000000000013,4.289501839445256,0,True,False,False,1764689070.6563795
139,20,-0.002658645657650398,0.006410682622070308,-0.75,0.0,0.0,-0.005000000000000001,0.19370830639819647,-0.053172913153007956,0.12821365244140615,-15.0,0.0,0.0,-0.10000000000000002,3.8741661279639295,1,False,True,False,1764689115.5370903
140,113,-0.004125679248171301,0.0005578558137652464,0.0,0.0,0.0,-0.005000000000000004,0.03598767726606369,-0.46620175504335704,0.06303770695547284,0.0,0.0,0.0,-0.5650000000000004,4.066607531065197,0,False,True,False,1764689190.0708702
141,59,-0.0005715691327559154,0.05092013529542815,0.0,0.0,0.0,-0.005000000000000003,0.008491753510570852,-0.03372257883259901,3.004287982430261,0.0,0.0,0.0,-0.29500000000000015,0.5010134571236803,0,True,False,False,1764689217.4819958
142,63,-0.0061471357015538425,-0.0019164768566630318,-0.23809523809523808,0.0,0.0,-0.005000000000000003,0.2295929728423288,-0.3872695491978921,-0.120738041969771,-15.0,0.0,0.0,-0.31500000000000017,14.464357289066713,1,False,True,False,1764689258.9937234
143,3,-0.0025489382112153587,0.007429198541910746,-5.0,0.0,0.0,-0.005,0.7539179413339397,-0.007646814633646077,0.022287595625732237,-15.0,0.0,0.0,-0.015,2.2617538240018193,1,False,True,False,1764689293.2788136
144,293,-0.0030299615192147657,0.012036026079780514,0.0,0.0,0.0,-0.004999999999999968,0.09279891412631516,-0.8877787251299263,3.5265556413756904,0.0,0.0,0.0,-1.4649999999999908,27.190081839010343,0,True,False,False,1764689403.537711
145,76,-0.007747662983212453,-0.009286985078175913,-3.75,0.0,-0.02631578947368421,-0.005000000000000003,0.3571337445142422,-0.5888223867241464,-0.7058108659413693,-285.0,0.0,-2.0,-0.3800000000000002,27.142164583082405,19,False,False,True,1764689417.864108
146,6,-0.005306150627257981,-0.0012160978684281343,-2.5,0.0,0.0,-0.005,0.37050251013705204,-0.031836903763547884,-0.007296587210568806,-15.0,0.0,0.0,-0.030000000000000002,2.2230150608223123,1,False,True,False,1764689459.6522527
147,6,-0.0021604248235985017,0.0068746266544486385,-2.5,0.0,0.0,-0.005,0.4295312333207523,-0.01296254894159101,0.04124775992669183,-15.0,0.0,0.0,-0.030000000000000002,2.577187399924514,1,False,True,False,1764689693.915117
148,238,-0.0025065965477098656,0.011178238771245567,-0.06302521008403361,0.0,0.0,-0.004999999999999985,0.20128168285243328,-0.596569978354948,2.660420827556445,-15.0,0.0,0.0,-1.1899999999999966,47.90504051887912,1,True,False,False,1764689803.5590134
149,24,-0.001591090146723163,0.007570628035342489,0.0,0.0,0.0,-0.005000000000000002,0.2406342087275253,-0.03818616352135591,0.18169507284821973,0.0,0.0,0.0,-0.12000000000000004,5.775221009460608,0,False,True,False,1764689836.2572918
150,25,-0.006724007022994719,-0.010420676891162266,0.0,0.0,0.0,-0.005000000000000001,0.3515607467195221,-0.16810017557486798,-0.26051692227905665,0.0,0.0,0.0,-0.12500000000000003,8.789018667988053,0,False,True,False,1764689881.0027404
151,20,-0.0003681930521975853,0.11542467203865361,0.0,0.0,0.0,-0.005000000000000001,0.0,-0.007363861043951705,2.308493440773072,0.0,0.0,0.0,-0.10000000000000002,0.0,0,True,False,False,1764689916.4658806
152,35,-0.003376166393602741,0.002014084852493823,-0.42857142857142855,0.0,0.0,-0.005000000000000002,0.41356849350484215,-0.11816582377609594,0.07049296983728381,-15.0,0.0,0.0,-0.17500000000000007,14.474897272669475,1,False,True,False,1764689978.638312
153,69,-0.006246838332574641,-0.00414325549390585,0.0,0.0,-0.028985507246376812,-0.005000000000000003,0.3670449693777979,-0.43103184494765023,-0.2858846290795036,0.0,0.0,-2.0,-0.3450000000000002,25.326102887068057,0,False,False,True,1764690042.2664833
154,156,-0.001781643822025855,0.019338385451264362,0.0,0.0,0.0,-0.005000000000000004,0.002580794739314879,-0.27793643623603337,3.0167881303972406,0.0,0.0,0.0,-0.7800000000000006,0.4026039793331211,0,True,False,False,1764690093.081184
155,107,-0.001413524679274668,0.026711374838845007,0.0,0.0,0.0,-0.005000000000000004,0.033116013587915195,-0.15124714068238948,2.858117107756416,0.0,0.0,0.0,-0.5350000000000004,3.543413453906926,0,True,False,False,1764690120.4458132
156,22,-0.000548516985109569,0.10320590799667005,0.0,0.0,0.0,-0.005000000000000001,0.00482213605508111,-0.012067373672410517,2.270529975926741,0.0,0.0,0.0,-0.11000000000000003,0.10608699321178443,0,True,False,False,1764690150.371773
157,24,-0.0007973888637612587,0.0930924736807812,0.0,0.0,0.0,-0.005000000000000002,0.0,-0.01913733273027021,2.234219368338749,0.0,0.0,0.0,-0.12000000000000004,0.0,0,True,False,False,1764690212.7667396
158,6,-0.0005738518031252854,0.010843577669871393,-2.5,0.0,0.0,-0.005,0.2593178594071707,-0.0034431108187517124,0.06506146601922835,-15.0,0.0,0.0,-0.030000000000000002,1.5559071564430242,1,False,True,False,1764690246.084237
159,105,-0.002376541192664163,0.02356622736815086,0.0,0.0,0.0,-0.005000000000000004,0.07809137578009165,-0.24953682522973714,2.47445387365584,0.0,0.0,0.0,-0.5250000000000004,8.199594456909622,0,True,False,False,1764690477.2803633
160,39,-0.006694272290860355,-0.004047733532838132,-0.38461538461538464,0.0,0.0,-0.005000000000000003,0.13639066536230476,-0.26107661934355386,-0.15786160778068714,-15.0,0.0,0.0,-0.1950000000000001,5.319235949129886,1,False,True,False,1764690516.4087815
161,8,-0.005323999391314393,-0.00356224270000266,-1.875,0.0,0.0,-0.005,0.3346715540629752,-0.04259199513051514,-0.02849794160002128,-15.0,0.0,0.0,-0.04,2.6773724325038017,1,False,True,False,1764690555.3629732
162,18,-0.0028924772655683213,0.004093220695628206,-0.8333333333333334,0.0,0.0,-0.005000000000000001,0.20216312348047183,-0.052064590780229784,0.0736779725213077,-15.0,0.0,0.0,-0.09000000000000001,3.6389362226484927,1,False,True,False,1764690605.879373
163,29,-0.0018937115913669645,0.011229576708935391,0.0,0.0,0.0,-0.005000000000000002,0.14790025912790455,-0.05491763614964197,0.32565772455912634,0.0,0.0,0.0,-0.14500000000000005,4.289107514709232,0,False,True,False,1764690651.531519
164,4,-0.00110695718521447,0.010496504958897979,-3.75,0.0,0.0,-0.005,0.5678774883362414,-0.00442782874085788,0.041986019835591915,-15.0,0.0,0.0,-0.02,2.2715099533449656,1,False,True,False,1764690699.8870971
165,24,-0.006535107955536436,-0.0071879130187879154,0.0,0.0,-0.08333333333333333,-0.005000000000000002,0.3265212790952698,-0.15684259093287445,-0.17250991245090996,0.0,0.0,-2.0,-0.12000000000000004,7.8365106982864745,0,False,False,True,1764690746.1260831
166,158,-0.0019971285821389693,0.019680007066474735,0.0,0.0,0.0,-0.005000000000000004,0.0631507716503715,-0.3155463159779571,3.109441116503008,0.0,0.0,0.0,-0.7900000000000006,9.977821920758696,0,True,False,False,1764690803.36379
167,28,-0.002044644037214156,0.008251816705363854,-1.0714285714285714,0.0,0.0,-0.005000000000000002,0.2860746866242037,-0.05725003304199638,0.2310508677501879,-30.0,0.0,0.0,-0.14000000000000004,8.010091225477703,2,False,True,False,1764690821.5156028
168,56,-0.0009925029231762207,0.00746977183100384,0.0,0.0,0.0,-0.005000000000000003,0.058169619305750146,-0.055580163697868355,0.418307222536215,0.0,0.0,0.0,-0.28000000000000014,3.257498681122008,0,False,True,False,1764690856.447653
169,30,-0.002965532419485763,0.0028614756400040927,-0.5,0.0,0.0,-0.005000000000000002,0.19114560138581443,-0.08896597258457288,0.08584426920012278,-15.0,0.0,0.0,-0.15000000000000005,5.734368041574433,1,False,True,False,1764690887.864189
170,70,-0.0007856841534300868,0.04111294936917386,0.0,0.0,0.0,-0.005000000000000003,0.0,-0.054997890740106074,2.87790645584217,0.0,0.0,0.0,-0.3500000000000002,0.0,0,True,False,False,1764690928.71494
171,26,-0.0005043498067758613,0.09017883987401591,0.0,0.0,0.0,-0.005000000000000001,0.04398731046781454,-0.013113094976172392,2.3446498367244137,0.0,0.0,0.0,-0.13000000000000003,1.143670072163178,0,True,False,False,1764690956.0038908
172,40,-0.00055054053440261,0.0619645230135973,0.0,0.0,0.0,-0.005000000000000003,2.6956042944328497e-05,-0.022021621376104403,2.478580920543892,0.0,0.0,0.0,-0.2000000000000001,0.00107824171777314,0,True,False,False,1764690986.6177094
173,205,-0.0023626544505565734,0.017084384856493776,0.0,0.0,0.0,-0.005000000000000001,0.17849225294549811,-0.48434416236409755,3.502298895581224,0.0,0.0,0.0,-1.0250000000000001,36.590911853827116,0,True,False,False,1764691051.4666228
174,41,-0.0005212483798868432,0.06395443681153494,0.0,0.0,0.0,-0.005000000000000003,0.0379413860400157,-0.02137118357536057,2.6221319092729325,0.0,0.0,0.0,-0.2050000000000001,1.5555968276406438,0,True,False,False,1764691070.4118013
175,29,-0.0006382786817954261,0.08158784444928127,0.0,0.0,0.0,-0.005000000000000002,0.0,-0.01851008177206736,2.3660474890291567,0.0,0.0,0.0,-0.14500000000000005,0.0,0,True,False,False,1764691189.4407063
176,79,-0.0030918125858121846,-0.0002152998295802442,0.0,0.0,0.0,-0.005000000000000003,0.07624286792400327,-0.2442531942791626,-0.01700868653683929,0.0,0.0,0.0,-0.39500000000000024,6.023186565996259,0,False,True,False,1764691243.137763
177,10,-0.0008182484070584385,0.011006576505573573,-1.5,0.0,0.0,-0.004999999999999999,0.3208326860829397,-0.008182484070584386,0.11006576505573573,-15.0,0.0,0.0,-0.049999999999999996,3.208326860829397,1,False,True,False,1764691302.2677739
178,37,-0.001271746408758488,0.010857769476144813,-0.40540540540540543,0.0,0.0,-0.005000000000000002,0.22347803681614486,-0.04705461712406406,0.40173747061735804,-15.0,0.0,0.0,-0.18500000000000008,8.26868736219736,1,False,True,False,1764691382.442006
179,4,-0.002677888730617652,0.008235751307612185,-3.75,0.0,0.0,-0.005,0.6820771731680261,-0.010711554922470608,0.03294300523044874,-15.0,0.0,0.0,-0.02,2.7283086926721043,1,False,True,False,1764691411.7649379
180,91,-0.003467952872640731,0.003594925243033761,0.0,0.0,0.0,-0.005000000000000004,0.08719621910517572,-0.3155837114103065,0.3271381971160723,0.0,0.0,0.0,-0.4550000000000003,7.9348559385709905,0,False,True,False,1764691502.2619545
181,28,-0.0005533794684133049,0.08550476950674209,0.0,0.0,0.0,-0.005000000000000002,0.0,-0.015494625115572537,2.3941335461887783,0.0,0.0,0.0,-0.14000000000000004,0.0,0,True,False,False,1764691541.0192268
182,40,-0.0038803142180542185,0.0024839130325787135,0.0,0.0,0.0,-0.005000000000000003,0.14738019827415272,-0.15521256872216874,0.09935652130314854,0.0,0.0,0.0,-0.2000000000000001,5.895207930966109,0,False,True,False,1764691603.5762043
183,71,-0.000770017656971085,0.04520826048392807,0.0,0.0,0.0,-0.005000000000000003,0.17980185964750786,-0.05467125364494703,3.209786494358893,0.0,0.0,0.0,-0.3550000000000002,12.765932034973059,0,True,False,False,1764691657.7214792
184,26,-0.0030766433917304697,0.0020282981296068903,-0.5769230769230769,0.0,0.0,-0.005000000000000001,0.06345412279214777,-0.07999272818499222,0.05273575136977915,-15.0,0.0,0.0,-0.13000000000000003,1.649807192595842,1,False,True,False,1764691685.8376853
185,26,-0.0007076847196338178,0.08456404024957959,0.0,0.0,0.0,-0.005000000000000001,9.293377669514987e-05,-0.018399802710479262,2.198665046489069,0.0,0.0,0.0,-0.13000000000000003,0.0024162781940738967,0,True,False,False,1764691732.3973842
186,20,-0.0004406490901613123,0.11454764399461363,0.0,0.0,0.0,-0.005000000000000001,0.05815598896879411,-0.008812981803226247,2.2909528798922727,0.0,0.0,0.0,-0.10000000000000002,1.1631197793758823,0,True,False,False,1764691785.8040726
187,253,-0.003949219538744526,0.010607531435668003,0.0,0.0,0.0,-0.00499999999999998,0.33612629544925143,-0.999152543302365,2.6837054532240048,0.0,0.0,0.0,-1.264999999999995,85.03995274866061,0,True,False,False,1764691999.1324067
188,64,-0.00267506800314149,0.003243766000873862,-0.234375,0.0,0.0,-0.005000000000000003,0.17370289135749767,-0.17120435220105537,0.20760102405592717,-15.0,0.0,0.0,-0.3200000000000002,11.11698504687985,1,False,True,False,1764692012.1973526
189,136,-0.0006890373763242664,0.02357566114247575,0.0,0.0,0.0,-0.005000000000000004,0.008413179560825976,-0.09370908318010024,3.2062899153767024,0.0,0.0,0.0,-0.6800000000000005,1.1441924202723326,0,True,False,False,1764692084.9086282
190,5,-0.0027629473453396848,0.0039139077008653045,-3.0,0.0,0.0,-0.005,0.49863972641681376,-0.013814736726698425,0.019569538504326522,-15.0,0.0,0.0,-0.025,2.4931986320840687,1,False,True,False,1764692127.6377594
191,42,-0.0004276168129448341,0.06388972619163227,0.0,0.0,0.0,-0.005000000000000003,0.0208804873578634,-0.017959906143683032,2.683368500048555,0.0,0.0,0.0,-0.2100000000000001,0.8769804690302627,0,True,False,False,1764692189.5819962
192,100,-0.005156519410770415,-0.00046552223300221464,0.0,0.0,0.0,-0.005000000000000004,0.17419241337772995,-0.5156519410770415,-0.04655222330022146,0.0,0.0,0.0,-0.5000000000000003,17.419241337772995,0,False,True,False,1764692246.577938
193,88,-0.002522892640845204,0.004747114489714405,-0.17045454545454544,0.0,0.0,-0.005000000000000004,0.24052940779460297,-0.22201455239437795,0.4177460750948676,-15.0,0.0,0.0,-0.4400000000000003,21.16658788592506,1,False,True,False,1764692304.7664146
194,15,-0.0040943049356167065,0.0013615332040075737,0.0,0.0,0.0,-0.005,0.13306670122037337,-0.0614145740342506,0.020422998060113606,0.0,0.0,0.0,-0.075,1.9960005183056007,0,False,True,False,1764692345.3789973
195,26,-0.0017212238059353545,0.008319732738468968,-0.5769230769230769,0.0,0.0,-0.005000000000000001,0.05455213924150807,-0.04475181895431922,0.21631305120019317,-15.0,0.0,0.0,-0.13000000000000003,1.4183556202792098,1,False,True,False,1764692406.1231303
196,36,-0.003985041201673436,0.0022206805884589973,0.0,0.0,0.0,-0.005000000000000002,0.13046756639756024,-0.1434614832602437,0.0799445011845239,0.0,0.0,0.0,-0.18000000000000008,4.696832390312169,0,False,True,False,1764692467.9679663
197,29,-0.0038991096993648056,0.002737518591361345,-0.5172413793103449,0.0,0.0,-0.005000000000000002,0.1784192662274069,-0.11307418128157937,0.079388039149479,-15.0,0.0,0.0,-0.14500000000000005,5.1741587205948,1,False,True,False,1764692515.1088037
198,73,-0.003564507324980892,0.0011705580684267425,0.0,0.0,0.0,-0.005000000000000003,0.18070135581483515,-0.2602090347236051,0.08545073899515221,0.0,0.0,0.0,-0.3650000000000002,13.191198974482965,0,False,True,False,1764692572.4550476
199,179,-0.0024988647033931588,0.016659332629269132,0.0,0.0,0.0,-0.005000000000000004,0.18654054021404,-0.44729678190737543,2.9820205406391747,0.0,0.0,0.0,-0.8950000000000007,33.39075669831316,0,True,False,False,1764692724.0358562
200,15,-0.005890971857985258,-0.006360986700735275,-11.0,0.0,0.0,-0.005,0.6613728802962153,-0.08836457786977887,-0.09541480051102913,-165.0,0.0,0.0,-0.075,9.92059320444323,11,False,True,False,1764692737.4909384
201,43,-0.0017119035843146191,0.013284723286897159,0.0,0.0,0.0,-0.005000000000000003,0.27463794887233295,-0.07361185412552862,0.5712431013365779,0.0,0.0,0.0,-0.2150000000000001,11.809431801510316,0,False,True,False,1764692773.1606345
202,2,-0.0006102555246533525,0.012466106150343825,-7.5,0.0,0.0,-0.005,0.7465996927856234,-0.001220511049306705,0.02493221230068765,-15.0,0.0,0.0,-0.01,1.4931993855712469,1,False,True,False,1764692805.3306503
203,24,-0.003656848519369199,0.0015603203085736244,-0.625,0.0,0.0,-0.005000000000000002,0.08272599481146936,-0.08776436446486077,0.03744768740576698,-15.0,0.0,0.0,-0.12000000000000004,1.9854238754752647,1,False,True,False,1764692847.5544283
204,174,-0.001940725778978776,0.00378310626988534,0.0,0.0,0.0,-0.005000000000000004,0.20951457108113838,-0.337686285542307,0.6582604909600491,0.0,0.0,0.0,-0.8700000000000007,36.45553536811808,0,False,True,False,1764692913.9267218
205,36,-0.00047601036963752585,0.0720749106109562,0.0,0.0,0.0,-0.005000000000000002,0.04220439541568515,-0.01713637330695093,2.594696781994423,0.0,0.0,0.0,-0.18000000000000008,1.5193582349646655,0,True,False,False,1764692954.0583994
206,77,-0.004593958012045667,-0.00017075992800113566,-0.19480519480519481,0.0,0.0,-0.005000000000000003,0.1086011692429878,-0.3537347669275164,-0.013148514456087446,-15.0,0.0,0.0,-0.38500000000000023,8.36229003171006,1,False,True,False,1764693019.6079385
207,3,-0.0006754184117356587,0.01055136177037804,-5.0,0.0,0.0,-0.005,0.6376027479915249,-0.002026255235206976,0.03165408531113412,-15.0,0.0,0.0,-0.015,1.9128082439745748,1,False,True,False,1764693054.543351
208,13,-0.00040091388156389353,0.1653855355104286,0.0,0.0,0.0,-0.004999999999999999,0.0,-0.005211880460330616,2.1500119616355717,0.0,0.0,0.0,-0.06499999999999999,0.0,0,True,False,False,1764693101.1383352
209,11,-0.0004817940817914391,0.19489574908595958,0.0,0.0,0.0,-0.004999999999999999,0.0,-0.00529973489970583,2.1438532399455554,0.0,0.0,0.0,-0.05499999999999999,0.0,0,True,False,False,1764693142.6644504
210,38,-0.0008759263945538149,0.016351531640056625,-0.39473684210526316,0.0,0.0,-0.005000000000000002,0.06300608453214739,-0.033285202993044966,0.6213582023221518,-15.0,0.0,0.0,-0.19000000000000009,2.3942312122216007,1,False,True,False,1764693173.1741104
211,67,-0.0038604974525467,0.0020997061067089557,-0.22388059701492538,0.0,0.0,-0.005000000000000003,0.04432692602936752,-0.2586533293206289,0.14068030914950003,-15.0,0.0,0.0,-0.3350000000000002,2.969904043967624,1,False,True,False,1764693224.3015137
212,130,-0.0027143447595046406,0.01861419994258574,0.0,0.0,0.0,-0.005000000000000004,0.04650232743984385,-0.35286481873560327,2.419845992536146,0.0,0.0,0.0,-0.6500000000000005,6.045302567179701,0,True,False,False,1764693289.3540146
213,17,-0.00036597199163272877,0.1274230551471027,0.0,0.0,0.0,-0.005,0.0,-0.006221523857756389,2.166191937500746,0.0,0.0,0.0,-0.085,0.0,0,True,False,False,1764693325.1341276
214,64,-0.005826185524095686,-0.004835498619447435,0.0,0.0,0.0,-0.005000000000000003,0.1321783324377117,-0.3728758735421239,-0.30947191164463583,0.0,0.0,0.0,-0.3200000000000002,8.45941327601355,0,False,True,False,1764693485.062317
215,5,-0.0012817496252296539,0.010729359373602688,-3.0,0.0,0.0,-0.005,0.4723625908294348,-0.0064087481261482695,0.053646796868013435,-15.0,0.0,0.0,-0.025,2.361812954147174,1,False,True,False,1764693513.8749802
216,65,-0.0038359024863321013,0.0009421409363740123,-0.23076923076923078,0.0,0.0,-0.005000000000000003,0.07358618111169031,-0.24933366161158657,0.061239160864310804,-15.0,0.0,0.0,-0.3250000000000002,4.7831017722598705,1,False,True,False,1764693569.323872
217,152,-0.0011372865191214949,0.024239089426772494,0.0,0.0,0.0,-0.005000000000000004,0.15511769176904258,-0.17286755090646722,3.684341592869419,0.0,0.0,0.0,-0.7600000000000006,23.57788914889447,0,True,False,False,1764693636.342819
218,50,-0.005637350342202441,-0.0023288098990399274,-0.3,0.0,0.0,-0.005000000000000002,0.18262037319932478,-0.28186751711012203,-0.11644049495199638,-15.0,0.0,0.0,-0.2500000000000001,9.131018659966239,1,False,True,False,1764693654.052832
219,8,-0.0008648507775615277,0.013682209770165765,-1.875,0.0,0.0,-0.005,0.6334291476166826,-0.006918806220492221,0.10945767816132612,-15.0,0.0,0.0,-0.04,5.0674331809334605,1,False,True,False,1764693693.019582
220,14,-0.0003648057981821027,0.15819439331556642,0.0,0.0,0.0,-0.004999999999999999,0.0,-0.005107281174549438,2.2147215064179298,0.0,0.0,0.0,-0.06999999999999999,0.0,0,True,False,False,1764693743.298708
221,322,-0.00411999639585891,0.010071763672284519,0.0,0.0,0.0,-0.004999999999999962,0.1659110950046987,-1.326638839466569,3.2431079024756153,0.0,0.0,0.0,-1.6099999999999877,53.42337259151298,0,True,False,False,1764693827.3374963
222,28,-0.0008279822187112287,0.01628857775090748,-0.5357142857142857,0.0,0.0,-0.005000000000000002,0.11832132401705986,-0.023183502123914405,0.4560801770254095,-15.0,0.0,0.0,-0.14000000000000004,3.312997072477676,1,False,True,False,1764693831.89495
223,17,-0.0016919636199413442,0.1220790805381033,0.0,0.0,0.0,-0.005,0.272221656380511,-0.028763381539002854,2.075344369147756,0.0,0.0,0.0,-0.085,4.627768158468687,0,True,False,False,1764693846.843933
224,1,-0.0003987628416062648,2.0,0.0,0.0,0.0,-0.005,0.0,-0.0003987628416062648,2.0,0.0,0.0,0.0,-0.005,0.0,0,True,False,False,1764693874.6827955
225,7,-0.00301574280379117,0.006200667420774598,0.0,0.0,0.0,-0.005,0.2203926272981798,-0.02111019962653819,0.04340467194542219,0.0,0.0,0.0,-0.035,1.5427483910872586,0,False,True,False,1764693922.5777423
226,20,-0.0015345893374094735,0.012362133031059017,-0.75,0.0,0.0,-0.005000000000000001,0.08702229673154242,-0.03069178674818947,0.24724266062118033,-15.0,0.0,0.0,-0.10000000000000002,1.7404459346308485,1,False,True,False,1764693973.3265865
227,114,-0.007094200339490637,-0.004279063208809743,0.0,0.0,-0.017543859649122806,-0.005000000000000004,0.23209902454296633,-0.8087388387019326,-0.48781320580431076,0.0,0.0,-2.0,-0.5700000000000004,26.45928879789816,0,False,False,True,1764694033.6715438
228,111,-0.006974147458458135,-0.0047278989597589905,0.0,0.0,-0.018018018018018018,-0.005000000000000004,0.524516375283643,-0.774130367888853,-0.524796784533248,0.0,0.0,-2.0,-0.5550000000000004,58.22131765648438,0,False,False,True,1764694081.6856444
229,33,-0.005010331558327946,-0.0003242706677165338,0.0,0.0,0.0,-0.005000000000000002,0.16387724121161934,-0.16534094142482222,-0.010700932034645616,0.0,0.0,0.0,-0.16500000000000006,5.407948959983438,0,False,True,False,1764694109.9228613
230,342,-0.0024635911887492027,0.002153099196182587,0.0,0.0,0.0,-0.004999999999999958,0.10464610567163586,-0.8425481865522273,0.7363599250944447,0.0,0.0,0.0,-1.7099999999999855,35.78896813969946,0,False,True,False,1764694344.6603625
231,38,-0.004671953122678408,-0.00012590223126950875,-5.526315789473684,0.0,-0.05263157894736842,-0.005000000000000002,0.3850720160045961,-0.17753421866177949,-0.004784284788241333,-210.0,0.0,-2.0,-0.19000000000000009,14.632736608174653,14,False,False,True,1764694361.5008287
232,17,-0.0010189384814329363,0.008316187964143025,-0.8823529411764706,0.0,0.0,-0.005,0.09531496730665316,-0.017321954184359917,0.14137519539043142,-15.0,0.0,0.0,-0.085,1.6203544442131037,1,False,True,False,1764694412.1146452
233,74,-0.0021014611235559166,0.00399617128077561,0.0,0.0,0.0,-0.005000000000000003,0.09353015067173252,-0.15550812314313783,0.29571667477739516,0.0,0.0,0.0,-0.3700000000000002,6.921231149708206,0,False,True,False,1764694484.3445191
234,94,-0.004295695319378112,0.0011038382562222372,-0.1595744680851064,0.0,0.0,-0.005000000000000004,0.2214828517890301,-0.40379536002154254,0.1037607960848903,-15.0,0.0,0.0,-0.4700000000000003,20.81938806816883,1,False,True,False,1764694548.1989033
235,78,-0.0007853319876500376,0.030802770501223885,0.0,0.0,0.0,-0.005000000000000003,6.488801450032976e-05,-0.06125589503670294,2.402616099095463,0.0,0.0,0.0,-0.39000000000000024,0.005061265131025721,0,True,False,False,1764694599.2589972
236,68,-0.0007018563175260705,0.03537803688773923,0.0,0.0,0.0,-0.005000000000000003,0.0,-0.04772622959177279,2.4057065083662676,0.0,0.0,0.0,-0.3400000000000002,0.0,0,True,False,False,1764694653.5224044
237,147,-0.0014180803696476215,0.0213966577545945,0.0,0.0,0.0,-0.005000000000000004,0.08531676775571934,-0.20845781433820035,3.1453086899253915,0.0,0.0,0.0,-0.7350000000000005,12.541564860090743,0,True,False,False,1764694717.308245
238,35,-0.0013816880466367486,0.012416736773868165,0.0,0.0,0.0,-0.005000000000000002,0.43124128886257124,-0.0483590816322862,0.43458578708538576,0.0,0.0,0.0,-0.17500000000000007,15.093445110189993,0,False,True,False,1764694763.3723195
239,7,-0.0008163614996795794,0.011224493922828918,0.0,0.0,0.0,-0.005,0.3412453020661624,-0.005714530497757056,0.07857145745980243,0.0,0.0,0.0,-0.035,2.3887171144631365,0,False,True,False,1764694803.8724153
240,24,-0.0070075335069079816,-0.005488155100859778,0.0,0.0,0.0,-0.005000000000000002,0.4510137057910731,-0.16818080416579156,-0.13171572242063467,0.0,0.0,0.0,-0.12000000000000004,10.824328938985754,0,False,True,False,1764694869.0048387
241,158,-0.0008483585140402393,0.019753905848157807,0.0,0.0,0.0,-0.005000000000000004,0.0,-0.13404064521835782,3.1211171240089333,0.0,0.0,0.0,-0.7900000000000006,0.0,0,True,False,False,1764694942.0784345
242,77,-0.006351675508706183,-0.0019011243793710102,-0.19480519480519481,0.0,0.0,-0.005000000000000003,0.33952545957900426,-0.48907901417037614,-0.14638657721156778,-15.0,0.0,0.0,-0.38500000000000023,26.14346038758333,1,False,True,False,1764695089.262155
243,218,-0.0012628138213139522,0.014393357175516102,0.0,0.0,0.0,-0.004999999999999994,0.05665194292373735,-0.27529341304644156,3.13775186426251,0.0,0.0,0.0,-1.0899999999999987,12.350123557374742,0,True,False,False,1764695171.6234653
244,36,-0.0005554528083087419,0.07008950779392127,0.0,0.0,0.0,-0.005000000000000002,0.0,-0.019996301099114707,2.523222280581166,0.0,0.0,0.0,-0.18000000000000008,0.0,0,True,False,False,1764695192.5984604
245,17,-0.002291720881829147,0.007564710824640778,0.0,0.0,0.0,-0.005,0.12813376023541684,-0.0389592549910955,0.12860008401889322,0.0,0.0,0.0,-0.085,2.1782739240020863,0,False,True,False,1764695219.2051518
246,32,-0.004239397368360079,0.0008538693832288308,0.0,0.0,0.0,-0.005000000000000002,0.19350277757054732,-0.13566071578752253,0.027323820263322585,0.0,0.0,0.0,-0.16000000000000006,6.192088882257514,0,False,True,False,1764695269.4706955
247,273,-0.003700163211634024,0.0012989605642539524,-0.054945054945054944,0.0,0.0,-0.004999999999999974,0.24274973447528017,-1.0101445567760885,0.354616234041329,-15.0,0.0,0.0,-1.3649999999999929,66.27067751175149,1,False,True,False,1764695366.0349061
248,62,-0.0020177008723092455,0.003348083499699606,0.0,0.0,0.0,-0.005000000000000003,0.18114732952680224,-0.12509745408317322,0.20758117698137557,0.0,0.0,0.0,-0.31000000000000016,11.231134430661738,0,False,True,False,1764695390.986501
249,9,-0.002459806610487758,0.007704065928452162,-1.6666666666666667,0.0,0.0,-0.005,0.22617365552658175,-0.022138259494389825,0.06933659335606945,-15.0,0.0,0.0,-0.045,2.0355628997392357,1,False,True,False,1764695441.4044693
250,400,-0.0014076433313935856,0.004187227945780655,0.0,0.0,0.0,-0.004999999999999948,0.09736989590354829,-0.5630573325574343,1.674891178312262,0.0,0.0,0.0,-1.9999999999999793,38.94795836141932,0,False,False,True,1764695558.6878493
251,101,-0.003072219984745195,0.0010101945523129897,0.0,0.0,0.0,-0.005000000000000004,0.20757291945809375,-0.3102942184592647,0.10202964978361195,0.0,0.0,0.0,-0.5050000000000003,20.96486486526747,0,False,True,False,1764695574.082792
252,331,-0.0018529507138342176,0.003356668715591345,0.0,0.0,0.0,-0.00499999999999996,0.0869185226352113,-0.613326686279126,1.1110573448607353,0.0,0.0,0.0,-1.6549999999999867,28.77003099225494,0,False,True,False,1764695668.2931676
253,352,-0.00264563560960356,0.00797055094014485,-1.7897727272727273,0.0,0.0,-0.004999999999999956,0.38002556482855,-0.9312637345804531,2.8056339309309877,-630.0,0.0,0.0,-1.7599999999999845,133.7689988196496,42,True,False,False,1764695724.3197744
254,71,-0.006194074100433001,-0.00682741728484571,-0.2112676056338028,0.0,0.0,-0.005000000000000003,0.34262245607946107,-0.43977926113074306,-0.48474662722404543,-15.0,0.0,0.0,-0.3550000000000002,24.326194381641734,1,False,True,False,1764695742.7111025
255,250,-0.0011322177008369478,0.01292575984401054,0.0,0.0,0.0,-0.004999999999999981,0.05742645557806257,-0.28305442520923696,3.231439961002635,0.0,0.0,0.0,-1.2499999999999953,14.356613894515643,0,True,False,False,1764695936.3625367
256,9,-0.0031164171197537865,0.003111582880429145,-1.6666666666666667,0.0,0.0,-0.005,0.1930891834697568,-0.02804775407778408,0.028004245923862303,-15.0,0.0,0.0,-0.045,1.737802651227811,1,False,True,False,1764695960.4312208
257,337,-0.0010030907252057506,0.010246071581080294,0.0,0.0,0.0,-0.0049999999999999585,0.0434384345372953,-0.33804157439433796,3.452926122824059,0.0,0.0,0.0,-1.684999999999986,14.638752439068517,0,True,False,False,1764696073.4309964
258,195,-0.0032612743894289285,0.0011020605203810334,-0.07692307692307693,0.0,0.0,-0.005000000000000004,0.24015375095833202,-0.635948505938641,0.2149018014743015,-15.0,0.0,0.0,-0.9750000000000008,46.829981436874746,1,False,True,False,1764696114.2685275
259,19,-0.0013873078737104965,0.007112556355201132,-0.7894736842105263,0.0,0.0,-0.005000000000000001,0.1542845863940704,-0.02635884960049943,0.13513857074882152,-15.0,0.0,0.0,-0.09500000000000001,2.9314071414873375,1,False,True,False,1764696150.2624795
260,112,-0.0024352867234101673,0.0023698615645884207,-0.13392857142857142,0.0,0.0,-0.005000000000000004,0.07567759846731373,-0.27275211302193875,0.2654244952339031,-15.0,0.0,0.0,-0.5600000000000004,8.475891028339138,1,False,True,False,1764696226.9250615
261,135,-0.004065133709885069,0.00029947069667045595,-0.1111111111111111,0.0,0.0,-0.005000000000000004,0.10838985729171287,-0.5487930508344844,0.04042854405051155,-15.0,0.0,0.0,-0.6750000000000005,14.632630734381237,1,False,True,False,1764696296.3969896
262,65,-0.0008891135857455893,0.03506939224765565,0.0,0.0,0.0,-0.005000000000000003,0.03925650334484763,-0.0577923830734633,2.2795104960976174,0.0,0.0,0.0,-0.3250000000000002,2.5516727174150957,0,True,False,False,1764696348.755507
263,132,-0.0006448046636322507,0.02001134040190139,0.0,0.0,0.0,-0.005000000000000004,0.010480334403069077,-0.0851142155994571,2.641496933050983,0.0,0.0,0.0,-0.6600000000000005,1.3834041412051181,0,True,False,False,1764696416.2164004
264,33,-0.0016870982264666004,0.005059860844072522,-0.45454545454545453,0.0,0.0,-0.005000000000000002,0.08085979356492262,-0.05567424147339781,0.16697540785439324,-15.0,0.0,0.0,-0.16500000000000006,2.6683731876424464,1,False,True,False,1764696462.484479
265,249,-0.0006814042367535308,0.012966227316736457,0.0,0.0,0.0,-0.004999999999999982,0.004425079330410715,-0.16966965495162917,3.228590601867378,0.0,0.0,0.0,-1.2449999999999954,1.101844753272268,0,True,False,False,1764696559.1258469
266,88,-0.0009865096710799295,0.005032194518623192,-0.17045454545454544,0.0,0.0,-0.005000000000000004,0.05982254954669637,-0.0868128510550338,0.4428331176388409,-15.0,0.0,0.0,-0.4400000000000003,5.264384360109281,1,False,True,False,1764696690.626327
267,65,-0.003713187859946222,0.001337514352037292,-0.23076923076923078,0.0,0.0,-0.005000000000000003,0.2058434755937232,-0.24135721089650444,0.08693843288242398,-15.0,0.0,0.0,-0.3250000000000002,13.379825913592008,1,False,True,False,1764696748.2480679
268,67,-0.004337891261795483,0.0005467047414831575,0.0,0.0,0.0,-0.005000000000000003,0.43631200278044696,-0.2906387145402973,0.03662921767937155,0.0,0.0,0.0,-0.3350000000000002,29.232904186289947,0,False,True,False,1764696811.8192651
269,50,-0.0021536615102860156,0.043509135930961056,0.0,0.0,0.0,-0.005000000000000002,0.04958791358906669,-0.10768307551430079,2.175456796548053,0.0,0.0,0.0,-0.2500000000000001,2.4793956794533343,0,True,False,False,1764696864.6485202
270,12,-0.001152818446847203,0.008256397883461941,0.0,0.0,0.0,-0.004999999999999999,0.445136312714524,-0.013833821362166437,0.0990767746015433,0.0,0.0,0.0,-0.05999999999999999,5.3416357525742875,0,False,True,False,1764696923.4234061
271,30,-0.001950564409253373,0.0031980890287935495,-0.5,0.0,0.0,-0.005000000000000002,0.06882638408646449,-0.05851693227760119,0.09594267086380648,-15.0,0.0,0.0,-0.15000000000000005,2.064791522593935,1,False,True,False,1764696988.0252566
272,400,-0.0021427795109715585,0.0029471085835237154,0.0,0.0,0.0,-0.004999999999999948,0.06763722357432057,-0.8571118043886234,1.1788434334094862,0.0,0.0,0.0,-1.9999999999999793,27.05488942972823,0,False,False,True,1764697110.8080313
273,7,-0.0013786912365522065,0.01068507130557079,-2.142857142857143,0.0,0.0,-0.005,0.4352136365790615,-0.009650838655865445,0.07479549913899552,-15.0,0.0,0.0,-0.035,3.0464954560534303,1,False,True,False,1764697111.79859
274,400,-0.002257309722976655,0.0019819870671189347,0.0,0.0,0.0,-0.004999999999999948,0.1007271582636957,-0.9029238891906619,0.792794826847574,0.0,0.0,0.0,-1.9999999999999793,40.29086330547828,0,False,False,True,1764697240.756203
275,400,-0.0024432155192798785,0.0022239774681117133,0.0,0.0,0.0,-0.004999999999999948,0.12017176525334895,-0.9772862077119514,0.8895909872446853,0.0,0.0,0.0,-1.9999999999999793,48.06870610133958,0,False,False,True,1764697307.4170322
276,47,-0.006499359022502005,-0.006647165401664401,0.0,0.0,-0.0425531914893617,-0.005000000000000003,0.28369602101230496,-0.30546987405759424,-0.31241677387822686,0.0,0.0,-2.0,-0.23500000000000013,13.333712987578334,0,False,False,True,1764697314.5594456
277,367,-0.0006826359961280401,0.01037210155909926,0.0,0.0,0.0,-0.004999999999999953,0.038469317510372976,-0.2505274105789907,3.8065612721894286,0.0,0.0,0.0,-1.8349999999999829,14.118239526306882,0,True,False,False,1764697582.5962703
278,81,-0.001961102796156468,0.0030546037283945633,-0.18518518518518517,0.0,0.0,-0.005000000000000003,0.033368029458825145,-0.15884932648867392,0.24742290199995964,-15.0,0.0,0.0,-0.40500000000000025,2.702810386164837,1,False,True,False,1764697598.081439
279,175,-0.001142124931200096,0.016423028984761442,0.0,0.0,0.0,-0.005000000000000004,0.026476110393185554,-0.1998718629600168,2.874030072333252,0.0,0.0,0.0,-0.8750000000000007,4.633319318807472,0,True,False,False,1764697676.4500904
280,179,-0.0015938180249999352,0.01456438863503667,0.0,0.0,0.0,-0.005000000000000004,0.040332642503342016,-0.2852934264749884,2.607025565671564,0.0,0.0,0.0,-0.8950000000000007,7.219543008098221,0,True,False,False,1764697737.5378203
